8.109335303306579590e-01
-1.492655158042907715e+00
-9.319816827774047852e-01
1.862370371818542480e-01
-2.617801129817962646e-01
1.286591053940355778e-03
1.085588410496711731e-01
-2.797148227691650391e-01
-1.780313998460769653e-01
-1.851398199796676636e-01
8.675962090492248535e-01
4.031406342983245850e-01
4.213092923164367676e-01
3.376340866088867188e-01
8.534116148948669434e-01
7.373309731483459473e-01
-5.785589218139648438e-01
-1.099799156188964844e+00
5.186494588851928711e-01
7.104536890983581543e-02
5.451807975769042969e-01
-2.549082934856414795e-01
4.441170394420623779e-01
-1.983162201941013336e-02
-6.163828074932098389e-02
1.684158742427825928e-01
7.611895799636840820e-01
-5.101631283760070801e-01
-3.319903016090393066e-01
4.382244050502777100e-01
-6.249806284904479980e-01
-1.531357616186141968e-01
-2.503236234188079834e-01
-1.317540109157562256e-01
2.379195392131805420e-02
-5.164379999041557312e-02
1.179932117462158203e+00
9.259523451328277588e-02
2.902246117591857910e-01
9.019547104835510254e-01
2.742860317230224609e-01
-7.137027382850646973e-01
3.516848087310791016e-01
1.015060842037200928e-01
-2.118377834558486938e-01
4.382147192955017090e-01
8.037326335906982422e-01
4.595430195331573486e-01
1.220800653100013733e-01
5.196819901466369629e-01
1.110279440879821777e+00
-6.329609155654907227e-01
-7.204882502555847168e-01
-2.866761386394500732e-01
6.490240097045898438e-01
7.485939860343933105e-01
-1.364084243774414062e+00
-4.182909429073333740e-01
-5.321378111839294434e-01
8.202013373374938965e-01
8.133096694946289062e-01
-7.337177991867065430e-01
-3.304979205131530762e-01
-1.534588694572448730e+00
-3.494150340557098389e-01
-3.754575252532958984e-01
-2.832543551921844482e-01
-8.026583492755889893e-02
4.185844957828521729e-01
6.560996174812316895e-01
-2.361950725317001343e-01
-6.477532386779785156e-01
3.784427046775817871e-01
-9.963394403457641602e-01
-1.360863149166107178e-01
-3.004880845546722412e-01
3.446535170078277588e-01
-8.654290437698364258e-01
-2.455842941999435425e-01
2.663015723228454590e-01
6.454976648092269897e-02
-4.207444787025451660e-01
-1.486409604549407959e-01
-1.304172128438949585e-01
-4.618037641048431396e-01
-4.742858111858367920e-01
-1.655176579952239990e-01
2.310133725404739380e-01
-2.274215966463088989e-01
-5.135114118456840515e-02
8.907852172851562500e-01
-1.848377287387847900e-01
1.384443759918212891e+00
9.673917889595031738e-01
-9.045101404190063477e-01
-2.167337536811828613e-01
6.333310604095458984e-01
-6.027976050972938538e-02
2.404780685901641846e-01
6.937085986137390137e-01
5.875706672668457031e-01
5.136954188346862793e-01
6.920961737632751465e-01
7.282363772392272949e-01
-1.643988966941833496e+00
-2.475943267345428467e-01
3.031647801399230957e-01
-3.917136788368225098e-02
-9.263673424720764160e-01
1.213081479072570801e-01
4.738487601280212402e-01
-3.744927644729614258e-01
-2.449093163013458252e-01
-7.008625268936157227e-01
-1.293417364358901978e-01
-1.265127360820770264e-01
1.511403083801269531e+00
4.998394250869750977e-01
6.270165443420410156e-01
-4.482510983943939209e-01
-5.084802508354187012e-01
1.964062750339508057e-01
-2.602734267711639404e-01
-8.142001628875732422e-01
5.024902820587158203e-01
-5.938141345977783203e-01
-1.364118158817291260e-01
-7.755593061447143555e-01
