7.468364834785461426e-01
-1.556696295738220215e+00
-9.619043469429016113e-01
2.456336170434951782e-01
-1.798898577690124512e-01
-9.527904912829399109e-03
1.069938912987709045e-01
-1.911299526691436768e-01
-1.721240729093551636e-01
-1.380271017551422119e-01
7.611532211303710938e-01
3.340612053871154785e-01
3.909192085266113281e-01
2.740435302257537842e-01
8.812241554260253906e-01
8.509946465492248535e-01
-5.784673094749450684e-01
-1.112644791603088379e+00
5.366095900535583496e-01
8.531929552555084229e-02
4.695045351982116699e-01
-2.226945012807846069e-01
3.469696640968322754e-01
3.331102430820465088e-02
-1.221687421202659607e-01
3.470326960086822510e-02
6.263276338577270508e-01
-5.694724321365356445e-01
-3.478250503540039062e-01
4.528230726718902588e-01
-6.704666018486022949e-01
-2.436188608407974243e-01
-2.585412859916687012e-01
-9.771735221147537231e-02
-9.584844857454299927e-02
-2.999380417168140411e-02
1.151619911193847656e+00
1.448050141334533691e-01
2.883400321006774902e-01
8.979532122611999512e-01
1.351832896471023560e-01
-6.632872819900512695e-01
2.965241968631744385e-01
2.372956834733486176e-02
-1.739789992570877075e-01
4.781663417816162109e-01
8.809821009635925293e-01
5.005599856376647949e-01
1.281217783689498901e-01
5.430101752281188965e-01
1.019865155220031738e+00
-6.486279368400573730e-01
-7.409775853157043457e-01
-2.635171711444854736e-01
6.632136106491088867e-01
7.869213223457336426e-01
-1.397228240966796875e+00
-4.511540234088897705e-01
-4.379033446311950684e-01
8.104470372200012207e-01
7.354705333709716797e-01
-7.634403705596923828e-01
-3.792860209941864014e-01
-1.554903268814086914e+00
-2.932043075561523438e-01
-3.934808671474456787e-01
-2.477585822343826294e-01
-9.872625768184661865e-02
2.754037678241729736e-01
6.379982233047485352e-01
-2.928083837032318115e-01
-6.440892219543457031e-01
3.088848292827606201e-01
-9.697319269180297852e-01
-1.128254383802413940e-01
-3.339383006095886230e-01
3.240200877189636230e-01
-8.179714679718017578e-01
-2.216526865959167480e-01
1.586770415306091309e-01
1.886471807956695557e-01
-4.264184832572937012e-01
-3.146253228187561035e-01
-1.616026908159255981e-01
-4.792506992816925049e-01
-5.414683222770690918e-01
-1.668008863925933838e-01
2.792483866214752197e-01
-1.653156280517578125e-01
-4.629256203770637512e-02
9.086611866950988770e-01
-2.617767453193664551e-01
1.393344402313232422e+00
1.001383662223815918e+00
-8.277339339256286621e-01
-1.966314017772674561e-01
5.663861632347106934e-01
-7.289269566535949707e-02
3.407684564590454102e-01
6.767250895500183105e-01
6.426924467086791992e-01
5.005297660827636719e-01
8.599445819854736328e-01
7.968758940696716309e-01
-1.767658710479736328e+00
-3.124774396419525146e-01
2.501106560230255127e-01
-4.772531986236572266e-02
-9.160485267639160156e-01
8.727578073740005493e-02
5.350815057754516602e-01
-3.112478554248809814e-01
-1.564159840345382690e-01
-7.383732199668884277e-01
-1.349152177572250366e-01
-1.246883645653724670e-01
1.526572465896606445e+00
4.342893362045288086e-01
5.404087901115417480e-01
-4.704290926456451416e-01
-4.520714581012725830e-01
1.800898611545562744e-01
-2.411730289459228516e-01
-8.922907710075378418e-01
5.255568027496337891e-01
-5.167715549468994141e-01
-1.625779867172241211e-01
-6.930950880050659180e-01
