-7.685555815696716309e-01
4.470496773719787598e-01
-2.636582963168621063e-02
9.459487348794937134e-02
-2.038746923208236694e-01
-9.570063352584838867e-01
7.248722314834594727e-01
7.197086811065673828e-01
1.217279657721519470e-01
-1.448814719915390015e-01
1.952590495347976685e-01
3.395222425460815430e-01
-6.504669785499572754e-02
4.385187849402427673e-02
3.468160331249237061e-01
3.124500997364521027e-02
-1.341445147991180420e-01
-1.117297887802124023e+00
-4.790392816066741943e-01
1.094577074050903320e+00
5.718313455581665039e-01
4.433996081352233887e-01
-2.558915615081787109e-01
-2.415334433317184448e-01
3.864469006657600403e-02
-2.910798788070678711e-01
7.608330994844436646e-02
3.497344851493835449e-01
-6.707524061203002930e-01
6.648927181959152222e-02
-2.755110338330268860e-02
-1.938289105892181396e-01
-9.183391928672790527e-01
4.031167030334472656e-01
6.167209148406982422e-01
7.608655095100402832e-02
1.069325059652328491e-01
-2.773278951644897461e-01
4.409523904323577881e-01
3.019341826438903809e-01
-4.185766577720642090e-01
-2.970668375492095947e-01
4.247731715440750122e-02
-9.384202361106872559e-01
1.785015016794204712e-01
2.035202831029891968e-01
-4.523070901632308960e-02
1.636290550231933594e-01
-1.022467494010925293e+00
-7.073678374290466309e-01
-2.284807860851287842e-01
-8.368340879678726196e-02
-4.597356915473937988e-02
-5.308648347854614258e-01
9.747007489204406738e-01
1.041487216949462891e+00
3.999815136194229126e-02
-9.903061389923095703e-01
-1.547463331371545792e-02
6.332195401191711426e-01
3.706038594245910645e-01
-4.376715123653411865e-01
1.107875823974609375e+00
1.295219268649816513e-02
1.562910437583923340e+00
-1.136439815163612366e-01
-2.007278650999069214e-01
2.149005830287933350e-01
5.550973415374755859e-01
-4.121957123279571533e-01
1.546241283416748047e+00
5.697839856147766113e-01
-7.034891247749328613e-01
1.276863664388656616e-01
-6.834288835525512695e-01
-3.338010609149932861e-01
-5.157172083854675293e-01
-6.293274164199829102e-01
-8.003647923469543457e-01
1.004458189010620117e+00
-3.191482722759246826e-01
2.073258012533187866e-01
5.424820780754089355e-01
2.454899251461029053e-01
1.458820998668670654e-01
-5.096307396888732910e-01
-5.246595144271850586e-01
-2.487850785255432129e-01
3.931405842304229736e-01
5.912304520606994629e-01
-6.112908720970153809e-01
-1.140429899096488953e-01
-8.629130125045776367e-01
2.926748692989349365e-01
-8.085365891456604004e-01
1.107700705528259277e+00
-1.995424181222915649e-01
5.122572183609008789e-01
-1.075027063488960266e-01
-4.257362335920333862e-02
-3.296911418437957764e-01
9.031397104263305664e-01
4.249235093593597412e-01
-9.719123840332031250e-01
7.060541510581970215e-01
1.139112830162048340e+00
-8.104491829872131348e-01
1.282369047403335571e-01
-8.190350532531738281e-01
3.901273012161254883e-01
4.283743500709533691e-01
-4.522366225719451904e-01
-1.238920465111732483e-01
7.984952628612518311e-02
2.452748827636241913e-02
-8.351861834526062012e-01
-9.280036687850952148e-01
1.982083022594451904e-01
-2.962727248668670654e-01
1.166759490966796875e+00
1.579151898622512817e-01
-6.216935515403747559e-01
2.749815285205841064e-01
-3.089278638362884521e-01
-8.564577996730804443e-02
-4.368774592876434326e-02
-2.757141888141632080e-01
4.770801961421966553e-01
