1.202556724252051845e+00
1.230649678179690065e+00
1.349501702486041399e+00
1.191728152690727738e+00
1.419508174501762365e+00
1.076573092862856740e+00
1.261278758194748661e+00
1.232376233222828299e+00
1.172156629771514691e+00
1.362281607952069429e+00
9.805246116860310002e-01
1.069830937360273015e+00
1.177036813100950763e+00
1.356843365909248034e+00
1.347238100261604288e+00
1.346603363875436665e+00
1.310445812131232568e+00
9.485458478056312259e-01
1.306964083838872970e+00
1.102408678152346333e+00
1.365222603100353371e+00
1.389081659002012747e+00
1.201106914518964786e+00
1.232909056345781185e+00
1.100912034336517742e+00
1.180773362820458861e+00
1.183430404359744337e+00
1.453164434164605945e+00
1.090707671363076559e+00
1.255887730151718840e+00
1.060325906471258683e+00
1.325081397115021264e+00
1.264608026494482118e+00
1.346964243752969637e+00
1.347014937228371956e+00
1.415447633952496398e+00
1.388791069982119986e+00
1.237787934866205086e+00
1.390264260635021953e+00
1.187051717287126218e+00
1.377016699466649063e+00
1.151711484047751588e+00
1.287603021282758053e+00
1.153389400549005739e+00
1.225168018883174614e+00
1.424194337844860048e+00
1.151141801942134668e+00
1.197706899427435356e+00
1.318599065460425379e+00
1.189702332372279070e+00
1.436366502668985801e+00
1.407205725972408894e+00
1.272617795762960080e+00
1.325839993018148588e+00
1.235596170301083152e+00
1.178503034647221170e+00
1.120231859819854847e+00
1.342000035141990510e+00
1.191841055175677733e+00
1.196575927648992455e+00
9.567879642859199452e-01
1.113123950535417572e+00
1.137289444882637612e+00
1.270863756805342693e+00
1.007018881140011812e+00
1.201710433333894157e+00
1.275204398303285913e+00
1.128796247929680918e+00
1.426931509246800900e+00
1.242555983624294758e+00
9.570065246809660309e-01
1.186766034436784523e+00
1.186112476088353462e+00
1.180969612707978511e+00
1.261468478804909088e+00
1.219892736347478301e+00
1.202440542080699837e+00
1.352257640360178925e+00
1.114343360129387506e+00
1.163806808665752479e+00
1.139494290903277918e+00
1.225046967874987125e+00
1.208448512235138272e+00
1.281328941769941610e+00
1.150848555823212882e+00
1.376786422505178020e+00
1.168294824192328107e+00
1.315966022034584570e+00
1.278260178678717773e+00
1.444431543828150089e+00
1.177303659376992107e+00
1.413628674279017172e+00
1.192556749093546919e+00
1.304256419992111615e+00
1.163485895079941823e+00
9.630727683912000403e-01
1.008444186377944085e+00
1.259587146238594357e+00
1.260235331522237878e+00
1.291910966169588670e+00
1.231461230864705936e+00
1.073759726214090771e+00
1.302409427139383569e+00
1.166452432366716474e+00
1.177769190690695300e+00
1.052826790957716030e+00
1.233414274036010561e+00
1.317190250128836615e+00
1.058467795734637340e+00
1.049692343549036400e+00
1.137234912775750617e+00
1.349003920717054550e+00
1.091162058047195016e+00
1.242802762606586731e+00
1.254237092186548663e+00
1.092075642940291136e+00
1.243528795718829016e+00
1.287564087393127110e+00
1.180052314327846741e+00
9.674985141232219643e-01
1.267164493291312866e+00
1.138360106566984165e+00
1.487684295381017430e+00
1.242712784200665999e+00
1.096857177216060020e+00
1.351384336273506737e+00
1.390940256337784842e+00
1.104762687614886385e+00
