7.891415357589721680e-01
-1.498084306716918945e+00
-9.390031695365905762e-01
1.655907034873962402e-01
-2.878870368003845215e-01
4.309784621000289917e-02
1.661651879549026489e-01
-3.576025962829589844e-01
-1.361944079399108887e-01
-1.463154256343841553e-01
8.250892758369445801e-01
4.080209732055664062e-01
4.140791893005371094e-01
3.589485883712768555e-01
8.785331249237060547e-01
7.465490698814392090e-01
-5.947302579879760742e-01
-1.168583273887634277e+00
5.590980052947998047e-01
6.629025191068649292e-02
5.611992478370666504e-01
-2.247749269008636475e-01
4.985651969909667969e-01
-3.441737219691276550e-02
-8.974251151084899902e-02
2.466805428266525269e-01
7.674610018730163574e-01
-5.118291378021240234e-01
-3.567832708358764648e-01
3.956310749053955078e-01
-6.306524872779846191e-01
-1.341854482889175415e-01
-1.806248277425765991e-01
-1.485068500041961670e-01
6.990015041083097458e-03
-5.765361711382865906e-02
1.245798230171203613e+00
1.017569825053215027e-01
3.171058595180511475e-01
9.358026981353759766e-01
2.264906615018844604e-01
-7.535824775695800781e-01
3.300087749958038330e-01
1.378831863403320312e-01
-2.052535265684127808e-01
4.421096742153167725e-01
8.575803041458129883e-01
4.409457445144653320e-01
1.148097440600395203e-01
5.568715333938598633e-01
1.072412848472595215e+00
-5.875729322433471680e-01
-7.870342135429382324e-01
-3.018283843994140625e-01
6.669946908950805664e-01
7.573708295822143555e-01
-1.395165681838989258e+00
-3.912959992885589600e-01
-5.056260228157043457e-01
7.847669124603271484e-01
7.649905085563659668e-01
-6.965412497520446777e-01
-3.404329717159271240e-01
-1.506076216697692871e+00
-3.577366769313812256e-01
-4.100039601325988770e-01
-3.090346157550811768e-01
-2.011158876121044159e-02
4.159039556980133057e-01
6.509255170822143555e-01
-1.995120644569396973e-01
-6.415190696716308594e-01
3.900271058082580566e-01
-9.936279654502868652e-01
-1.269494891166687012e-01
-2.714740931987762451e-01
3.219070732593536377e-01
-8.504241704940795898e-01
-2.460986524820327759e-01
2.262220084667205811e-01
1.360160950571298599e-02
-4.151133000850677490e-01
-2.061517685651779175e-01
-1.527110636234283447e-01
-4.336141943931579590e-01
-4.627855420112609863e-01
-9.959582239389419556e-02
2.066565006971359253e-01
-2.117755562067031860e-01
-8.761429786682128906e-02
8.775450587272644043e-01
-2.084067463874816895e-01
1.342061161994934082e+00
9.553487896919250488e-01
-9.267644286155700684e-01
-2.713949978351593018e-01
6.072189807891845703e-01
-1.243368685245513916e-01
2.767202854156494141e-01
6.712664961814880371e-01
5.984506607055664062e-01
5.465955734252929688e-01
7.017405033111572266e-01
6.346630454063415527e-01
-1.643930912017822266e+00
-2.346395403146743774e-01
3.295982778072357178e-01
-1.504958719015121460e-01
-9.353907704353332520e-01
1.452331542968750000e-01
4.419320225715637207e-01
-3.870837092399597168e-01
-2.156689763069152832e-01
-7.316422462463378906e-01
-1.496408581733703613e-01
-8.541389554738998413e-02
1.501714944839477539e+00
5.069280266761779785e-01
6.373528838157653809e-01
-5.364095568656921387e-01
-5.319687128067016602e-01
2.188593596220016479e-01
-2.053431868553161621e-01
-8.541093468666076660e-01
5.632634758949279785e-01
-5.660902857780456543e-01
-1.174806207418441772e-01
-7.483243942260742188e-01
