1.371410608291625977e+00
1.209449291229248047e+00
1.407837510108947754e+00
1.594524621963500977e+00
1.220968604087829590e+00
1.122141242027282715e+00
1.298256278038024902e+00
1.463023781776428223e+00
1.134284138679504395e+00
1.009997010231018066e+00
9.857908487319946289e-01
1.139571666717529297e+00
1.207918167114257812e+00
1.280390977859497070e+00
1.308124423027038574e+00
1.424943566322326660e+00
1.214904427528381348e+00
1.438219666481018066e+00
1.303763866424560547e+00
1.360111713409423828e+00
1.190872192382812500e+00
1.359956622123718262e+00
1.156343817710876465e+00
1.321564316749572754e+00
1.402346491813659668e+00
1.440763950347900391e+00
1.042393803596496582e+00
1.242028117179870605e+00
1.279743075370788574e+00
1.076345443725585938e+00
1.355305790901184082e+00
1.437091350555419922e+00
1.254549264907836914e+00
1.212001919746398926e+00
1.101421356201171875e+00
1.433166146278381348e+00
1.364063858985900879e+00
1.094988465309143066e+00
1.212454199790954590e+00
1.168855190277099609e+00
1.256097078323364258e+00
1.308190107345581055e+00
1.196992635726928711e+00
1.170728683471679688e+00
1.246739387512207031e+00
1.072419047355651855e+00
1.368304848670959473e+00
1.278246760368347168e+00
1.032483100891113281e+00
1.424022555351257324e+00
1.510328650474548340e+00
1.346278548240661621e+00
1.219945788383483887e+00
1.163992166519165039e+00
1.256708383560180664e+00
1.265406370162963867e+00
1.430441975593566895e+00
1.246123909950256348e+00
1.139047384262084961e+00
1.294303417205810547e+00
1.167812228202819824e+00
1.178385972976684570e+00
1.250082254409790039e+00
1.391100525856018066e+00
1.331027984619140625e+00
1.370888471603393555e+00
1.263911962509155273e+00
1.173426032066345215e+00
1.163469433784484863e+00
1.310103178024291992e+00
1.059744358062744141e+00
1.312258362770080566e+00
1.317212462425231934e+00
1.489328026771545410e+00
1.273000359535217285e+00
1.329541683197021484e+00
1.301030397415161133e+00
1.106705427169799805e+00
1.337310314178466797e+00
1.168860316276550293e+00
1.194457530975341797e+00
1.253171920776367188e+00
1.305681228637695312e+00
1.264507055282592773e+00
1.258497118949890137e+00
1.296623826026916504e+00
1.280356287956237793e+00
1.350987672805786133e+00
1.319806933403015137e+00
1.367911696434020996e+00
1.471986651420593262e+00
1.293062567710876465e+00
1.189166426658630371e+00
1.425021648406982422e+00
1.307998895645141602e+00
1.166119694709777832e+00
1.258550643920898438e+00
1.407355308532714844e+00
1.299729108810424805e+00
1.208486080169677734e+00
1.312837481498718262e+00
1.449471354484558105e+00
1.449142694473266602e+00
1.055349111557006836e+00
1.489818692207336426e+00
1.143978476524353027e+00
1.380720615386962891e+00
1.070773720741271973e+00
1.218775510787963867e+00
1.273155093193054199e+00
1.162697315216064453e+00
1.337638139724731445e+00
1.237609624862670898e+00
1.393480181694030762e+00
1.240324974060058594e+00
1.291252851486206055e+00
1.403855800628662109e+00
1.288047313690185547e+00
1.153185606002807617e+00
1.486928701400756836e+00
1.168996214866638184e+00
1.244855046272277832e+00
1.151639580726623535e+00
1.267533779144287109e+00
1.314200162887573242e+00
1.285136699676513672e+00
1.262765169143676758e+00
1.253180503845214844e+00
