-7.671692371368408203e-01
4.180161356925964355e-01
-3.105685114860534668e-02
6.358220428228378296e-02
-2.141977548599243164e-01
-9.563422203063964844e-01
7.094295024871826172e-01
7.212762832641601562e-01
5.982867628335952759e-02
-1.894772648811340332e-01
1.627346277236938477e-01
3.817645013332366943e-01
-6.955379992723464966e-02
6.817816942930221558e-02
3.604520559310913086e-01
4.361864179372787476e-03
-1.280110627412796021e-01
-1.139694571495056152e+00
-4.462238848209381104e-01
9.886559247970581055e-01
5.278791785240173340e-01
4.257732629776000977e-01
-2.297531664371490479e-01
-2.624970376491546631e-01
2.205738238990306854e-02
-2.762830555438995361e-01
9.634901583194732666e-02
3.414327502250671387e-01
-6.484683156013488770e-01
4.987662285566329956e-02
-9.197904728353023529e-03
-1.684120148420333862e-01
-8.974993228912353516e-01
3.774996101856231689e-01
6.174491047859191895e-01
5.879504606127738953e-02
1.012589260935783386e-01
-2.694390714168548584e-01
4.511854052543640137e-01
3.116649687290191650e-01
-4.364295005798339844e-01
-3.027781546115875244e-01
1.251456700265407562e-02
-9.013111591339111328e-01
2.214964181184768677e-01
2.246501594781875610e-01
-5.107583478093147278e-02
1.415818631649017334e-01
-1.004249930381774902e+00
-6.758214235305786133e-01
-2.287377715110778809e-01
-1.696394830942153931e-01
-2.342928573489189148e-02
-5.074209570884704590e-01
9.617370963096618652e-01
1.016718149185180664e+00
8.319573104381561279e-02
-9.753310084342956543e-01
-7.557921856641769409e-02
6.426329016685485840e-01
3.947899043560028076e-01
-4.301598072052001953e-01
1.103541016578674316e+00
3.998139128088951111e-02
1.577692151069641113e+00
-1.003934517502784729e-01
-1.503759473562240601e-01
2.040752917528152466e-01
5.095786452293395996e-01
-4.304270744323730469e-01
1.521235585212707520e+00
5.507726073265075684e-01
-7.126071453094482422e-01
1.479287445545196533e-01
-6.458892822265625000e-01
-3.496750593185424805e-01
-5.122998952865600586e-01
-6.240454912185668945e-01
-8.172444105148315430e-01
1.062297582626342773e+00
-3.317619264125823975e-01
1.542501896619796753e-01
4.977781474590301514e-01
2.612020373344421387e-01
9.758740663528442383e-02
-4.184021651744842529e-01
-5.546168088912963867e-01
-2.337760627269744873e-01
3.921555280685424805e-01
5.636662244796752930e-01
-5.876761674880981445e-01
-1.142850667238235474e-01
-8.939498662948608398e-01
2.930791378021240234e-01
-8.019473552703857422e-01
1.125071048736572266e+00
-2.233703285455703735e-01
5.017716884613037109e-01
-1.097404882311820984e-01
-5.586886033415794373e-02
-3.293815255165100098e-01
8.787792325019836426e-01
4.362529516220092773e-01
-9.869956970214843750e-01
7.016556859016418457e-01
1.090528368949890137e+00
-8.266617059707641602e-01
1.546455323696136475e-01
-8.157542347908020020e-01
4.611115157604217529e-01
4.082185924053192139e-01
-4.377945065498352051e-01
-1.455555707216262817e-01
5.464902892708778381e-02
1.325235795229673386e-02
-8.291172981262207031e-01
-9.500757455825805664e-01
2.336911857128143311e-01
-2.912090420722961426e-01
1.148330450057983398e+00
1.329725980758666992e-01
-6.460902094841003418e-01
2.990653216838836670e-01
-2.583320140838623047e-01
-9.568980336189270020e-02
-5.055386200547218323e-02
-2.741700112819671631e-01
4.910992085933685303e-01
