1.377113699913024902e+00
1.218662619590759277e+00
1.410321354866027832e+00
1.558168649673461914e+00
1.227861642837524414e+00
1.148892760276794434e+00
1.296898126602172852e+00
1.449818611145019531e+00
1.129334926605224609e+00
9.854465723037719727e-01
9.645834565162658691e-01
1.142798781394958496e+00
1.207260131835937500e+00
1.246696591377258301e+00
1.304279088973999023e+00
1.423625946044921875e+00
1.225686311721801758e+00
1.406790852546691895e+00
1.316699028015136719e+00
1.351403236389160156e+00
1.187632679939270020e+00
1.344112277030944824e+00
1.149974584579467773e+00
1.311673402786254883e+00
1.391458153724670410e+00
1.430081367492675781e+00
1.045152902603149414e+00
1.248879194259643555e+00
1.308981776237487793e+00
1.056922078132629395e+00
1.386682152748107910e+00
1.432789444923400879e+00
1.248496174812316895e+00
1.200112938880920410e+00
1.079404115676879883e+00
1.444357156753540039e+00
1.375025749206542969e+00
1.119040608406066895e+00
1.229478240013122559e+00
1.148861765861511230e+00
1.254864454269409180e+00
1.308301925659179688e+00
1.185165166854858398e+00
1.163478970527648926e+00
1.241157889366149902e+00
1.047902226448059082e+00
1.364501118659973145e+00
1.274926424026489258e+00
1.040555834770202637e+00
1.414898276329040527e+00
1.495702624320983887e+00
1.354778647422790527e+00
1.197232723236083984e+00
1.149052500724792480e+00
1.234591484069824219e+00
1.276693582534790039e+00
1.426187634468078613e+00
1.219981193542480469e+00
1.129812598228454590e+00
1.322061538696289062e+00
1.174216747283935547e+00
1.180320858955383301e+00
1.256055474281311035e+00
1.375013947486877441e+00
1.341192603111267090e+00
1.363486886024475098e+00
1.263988018035888672e+00
1.158560752868652344e+00
1.162796020507812500e+00
1.295205593109130859e+00
1.056618094444274902e+00
1.314253926277160645e+00
1.307935476303100586e+00
1.482006907463073730e+00
1.298890948295593262e+00
1.322971820831298828e+00
1.318086862564086914e+00
1.092169880867004395e+00
1.342072010040283203e+00
1.162563562393188477e+00
1.209324955940246582e+00
1.268490195274353027e+00
1.306009769439697266e+00
1.247076749801635742e+00
1.265388131141662598e+00
1.316092729568481445e+00
1.282327532768249512e+00
1.369583725929260254e+00
1.315075516700744629e+00
1.367939352989196777e+00
1.480262398719787598e+00
1.278253316879272461e+00
1.176832914352416992e+00
1.403246402740478516e+00
1.311764478683471680e+00
1.171027898788452148e+00
1.270145654678344727e+00
1.416270732879638672e+00
1.296619653701782227e+00
1.219650626182556152e+00
1.298689007759094238e+00
1.434590339660644531e+00
1.452238678932189941e+00
1.064428329467773438e+00
1.492722392082214355e+00
1.138230562210083008e+00
1.383460998535156250e+00
1.031171321868896484e+00
1.208533644676208496e+00
1.260736465454101562e+00
1.147951483726501465e+00
1.347539544105529785e+00
1.230228781700134277e+00
1.388056039810180664e+00
1.241161584854125977e+00
1.281194329261779785e+00
1.394679665565490723e+00
1.269638299942016602e+00
1.151429295539855957e+00
1.440347194671630859e+00
1.190560817718505859e+00
1.241102814674377441e+00
1.144221425056457520e+00
1.273428320884704590e+00
1.318943262100219727e+00
1.272432088851928711e+00
1.240178585052490234e+00
1.256787657737731934e+00
