1.382190108299255371e+00
1.217756152153015137e+00
1.421202182769775391e+00
1.573795676231384277e+00
1.224091291427612305e+00
1.126169323921203613e+00
1.299224019050598145e+00
1.468961715698242188e+00
1.132619500160217285e+00
1.011915683746337891e+00
9.753240346908569336e-01
1.132765412330627441e+00
1.192179203033447266e+00
1.276795506477355957e+00
1.301838874816894531e+00
1.420811533927917480e+00
1.189359903335571289e+00
1.410923242568969727e+00
1.307076692581176758e+00
1.363102197647094727e+00
1.192407965660095215e+00
1.356767654418945312e+00
1.158529996871948242e+00
1.329237699508666992e+00
1.386675477027893066e+00
1.427868723869323730e+00
1.048182725906372070e+00
1.234303712844848633e+00
1.285079956054687500e+00
1.088638901710510254e+00
1.364699006080627441e+00
1.447051525115966797e+00
1.233977794647216797e+00
1.228242874145507812e+00
1.097238421440124512e+00
1.427980184555053711e+00
1.362630724906921387e+00
1.095488190650939941e+00
1.211547493934631348e+00
1.156713008880615234e+00
1.250708937644958496e+00
1.297231078147888184e+00
1.191265106201171875e+00
1.155198931694030762e+00
1.244489669799804688e+00
1.081608772277832031e+00
1.358453035354614258e+00
1.274058222770690918e+00
1.030301332473754883e+00
1.419328093528747559e+00
1.503219485282897949e+00
1.361562013626098633e+00
1.218225359916687012e+00
1.172648906707763672e+00
1.237481951713562012e+00
1.275285720825195312e+00
1.452417135238647461e+00
1.254346609115600586e+00
1.140770554542541504e+00
1.294530987739562988e+00
1.176214098930358887e+00
1.191750407218933105e+00
1.241912364959716797e+00
1.400186896324157715e+00
1.318132758140563965e+00
1.357076525688171387e+00
1.255893707275390625e+00
1.167913556098937988e+00
1.141370058059692383e+00
1.303573131561279297e+00
1.070713281631469727e+00
1.312438607215881348e+00
1.313634991645812988e+00
1.472874760627746582e+00
1.261139988899230957e+00
1.345795750617980957e+00
1.306091427803039551e+00
1.103022336959838867e+00
1.339418411254882812e+00
1.165036201477050781e+00
1.195565819740295410e+00
1.262311935424804688e+00
1.313960313796997070e+00
1.272285938262939453e+00
1.253480434417724609e+00
1.286518573760986328e+00
1.283582687377929688e+00
1.381674647331237793e+00
1.325677990913391113e+00
1.364974617958068848e+00
1.475082039833068848e+00
1.279731512069702148e+00
1.194428086280822754e+00
1.415962696075439453e+00
1.299758672714233398e+00
1.165227890014648438e+00
1.266226887702941895e+00
1.401001572608947754e+00
1.285086631774902344e+00
1.194994330406188965e+00
1.308912158012390137e+00
1.441059231758117676e+00
1.441483497619628906e+00
1.055534601211547852e+00
1.495961904525756836e+00
1.145872592926025391e+00
1.381586909294128418e+00
1.091757535934448242e+00
1.202284932136535645e+00
1.269089698791503906e+00
1.161321759223937988e+00
1.339972376823425293e+00
1.231347680091857910e+00
1.384413480758666992e+00
1.234253406524658203e+00
1.293417453765869141e+00
1.393250226974487305e+00
1.283590078353881836e+00
1.141312241554260254e+00
1.480847001075744629e+00
1.163455724716186523e+00
1.251117825508117676e+00
1.172441244125366211e+00
1.262769222259521484e+00
1.313403844833374023e+00
1.280381917953491211e+00
1.249650835990905762e+00
1.236531734466552734e+00
