7.788605690002441406e-01
-1.544583439826965332e+00
-9.557483792304992676e-01
2.295897603034973145e-01
-2.083545029163360596e-01
2.131364680826663971e-02
1.415658593177795410e-01
-2.266534268856048584e-01
-1.982488334178924561e-01
-1.640612930059432983e-01
8.158469200134277344e-01
3.640782237052917480e-01
4.403344690799713135e-01
2.783585786819458008e-01
8.541454672813415527e-01
8.408613204956054688e-01
-5.916610360145568848e-01
-1.125671386718750000e+00
5.459290742874145508e-01
9.439083933830261230e-02
4.790333211421966553e-01
-2.813540697097778320e-01
3.887699246406555176e-01
2.621936425566673279e-02
-1.188599020242691040e-01
7.477087527513504028e-02
6.858431100845336914e-01
-5.797760486602783203e-01
-3.738094270229339600e-01
4.160336852073669434e-01
-6.637824773788452148e-01
-2.105192542076110840e-01
-1.880603432655334473e-01
-1.523206382989883423e-01
-5.783853679895401001e-02
-4.442893713712692261e-02
1.188577890396118164e+00
9.516177326440811157e-02
2.757952809333801270e-01
8.694709539413452148e-01
1.250893622636795044e-01
-7.043246626853942871e-01
2.978550493717193604e-01
3.645214438438415527e-02
-1.989704519510269165e-01
4.540958404541015625e-01
8.588699102401733398e-01
4.938099086284637451e-01
1.398277282714843750e-01
5.701324939727783203e-01
1.025936126708984375e+00
-6.239082813262939453e-01
-7.312453985214233398e-01
-2.844129204750061035e-01
6.872177720069885254e-01
7.609845995903015137e-01
-1.423652172088623047e+00
-4.731025099754333496e-01
-4.319854378700256348e-01
7.599299550056457520e-01
7.677533626556396484e-01
-7.276936769485473633e-01
-3.886063396930694580e-01
-1.598031520843505859e+00
-2.536875903606414795e-01
-4.230702221393585205e-01
-2.676500678062438965e-01
-4.662737250328063965e-02
3.172871172428131104e-01
6.005801558494567871e-01
-2.600698173046112061e-01
-6.433817148208618164e-01
3.108419477939605713e-01
-9.942716360092163086e-01
-2.116074413061141968e-01
-3.466327488422393799e-01
3.696499466896057129e-01
-7.706598043441772461e-01
-2.293498218059539795e-01
1.909855008125305176e-01
1.439878344535827637e-01
-4.432776868343353271e-01
-2.528429925441741943e-01
-9.401319175958633423e-02
-4.438128173351287842e-01
-5.223740339279174805e-01
-1.565682590007781982e-01
2.395747303962707520e-01
-1.476579606533050537e-01
-9.121260792016983032e-02
9.175629615783691406e-01
-2.336715012788772583e-01
1.374280691146850586e+00
9.653720259666442871e-01
-8.504566550254821777e-01
-1.699829101562500000e-01
6.066641807556152344e-01
-1.175774377770721912e-03
3.414863646030426025e-01
6.707965731620788574e-01
6.290416121482849121e-01
5.264810323715209961e-01
7.965931296348571777e-01
8.221271634101867676e-01
-1.719861268997192383e+00
-2.311525791883468628e-01
2.485009580850601196e-01
-7.249820232391357422e-02
-9.628852605819702148e-01
1.182896420359611511e-01
5.133273601531982422e-01
-3.123720884323120117e-01
-2.085296064615249634e-01
-7.569585442543029785e-01
-1.377230584621429443e-01
-1.222161948680877686e-01
1.538179636001586914e+00
4.223378896713256836e-01
5.372034907341003418e-01
-4.708621203899383545e-01
-4.936973154544830322e-01
2.285092920064926147e-01
-2.404257059097290039e-01
-9.064384102821350098e-01
5.066729784011840820e-01
-4.893622100353240967e-01
-1.525102108716964722e-01
-7.294720411300659180e-01
