8.251749873161315918e-01
-1.523528337478637695e+00
-9.427444338798522949e-01
2.209121286869049072e-01
-2.063492238521575928e-01
1.251429039984941483e-02
1.523610651493072510e-01
-2.583374381065368652e-01
-2.396855205297470093e-01
-1.433952450752258301e-01
8.527133464813232422e-01
4.367432296276092529e-01
4.268469214439392090e-01
3.092366158962249756e-01
8.405567407608032227e-01
8.277631998062133789e-01
-6.046640872955322266e-01
-1.120982050895690918e+00
4.855602681636810303e-01
3.475737199187278748e-02
5.176289081573486328e-01
-2.744511961936950684e-01
3.773055970668792725e-01
5.283695645630359650e-03
-6.828086823225021362e-02
4.527219384908676147e-02
7.477464675903320312e-01
-5.592798590660095215e-01
-3.845317363739013672e-01
4.294609427452087402e-01
-6.773307919502258301e-01
-1.947698742151260376e-01
-2.297251075506210327e-01
-1.349156647920608521e-01
-3.136133775115013123e-02
-5.939632654190063477e-02
1.206085681915283203e+00
6.570019572973251343e-02
2.856947481632232666e-01
8.744443058967590332e-01
1.525179594755172729e-01
-7.262996435165405273e-01
3.035252392292022705e-01
7.344117015600204468e-02
-2.073134779930114746e-01
4.840986430644989014e-01
8.525989651679992676e-01
4.843493998050689697e-01
1.238039806485176086e-01
5.682699680328369141e-01
1.043141007423400879e+00
-6.736506223678588867e-01
-7.596485018730163574e-01
-2.475609928369522095e-01
6.695626378059387207e-01
7.535692453384399414e-01
-1.419577598571777344e+00
-4.596502482891082764e-01
-4.627239704132080078e-01
7.897810339927673340e-01
7.967612147331237793e-01
-7.345187664031982422e-01
-3.601884841918945312e-01
-1.614124894142150879e+00
-2.904689311981201172e-01
-4.247173666954040527e-01
-3.271595239639282227e-01
-9.525477886199951172e-02
3.522961735725402832e-01
6.307381391525268555e-01
-2.476963549852371216e-01
-6.184290051460266113e-01
3.175268769264221191e-01
-1.030493378639221191e+00
-1.757905632257461548e-01
-2.845334708690643311e-01
3.833051621913909912e-01
-8.437349796295166016e-01
-2.359278053045272827e-01
2.111348211765289307e-01
1.391919106245040894e-01
-3.832563161849975586e-01
-2.058227658271789551e-01
-1.091530472040176392e-01
-5.039486885070800781e-01
-4.509297013282775879e-01
-1.876305490732192993e-01
2.490542083978652954e-01
-1.683697998523712158e-01
-6.489250063896179199e-02
9.368590116500854492e-01
-2.109587788581848145e-01
1.384078741073608398e+00
9.442396759986877441e-01
-8.589461445808410645e-01
-2.132266312837600708e-01
5.920770764350891113e-01
-8.234438486397266388e-03
3.368486464023590088e-01
6.156028509140014648e-01
6.319348216056823730e-01
5.068954825401306152e-01
7.629523277282714844e-01
7.502934932708740234e-01
-1.674816012382507324e+00
-2.457819730043411255e-01
3.089981973171234131e-01
-9.177163243293762207e-02
-9.668549299240112305e-01
1.500243991613388062e-01
5.246016383171081543e-01
-3.378327786922454834e-01
-2.371950298547744751e-01
-7.398373484611511230e-01
-1.638150960206985474e-01
-1.364379376173019409e-01
1.496631026268005371e+00
4.447568356990814209e-01
5.591310262680053711e-01
-4.858779013156890869e-01
-4.907716512680053711e-01
1.789962798357009888e-01
-2.332350462675094604e-01
-8.665195703506469727e-01
5.085506439208984375e-01
-5.109801888465881348e-01
-8.305121958255767822e-02
-7.592725753784179688e-01
