-7.864704132080078125e-01
4.897026717662811279e-01
-9.714289754629135132e-02
1.597079215571284294e-03
-2.293737530708312988e-01
-9.854067564010620117e-01
7.914693951606750488e-01
7.323346138000488281e-01
8.360948413610458374e-02
-1.261303722858428955e-01
1.769582033157348633e-01
4.154895246028900146e-01
-1.406651288270950317e-01
2.869763784110546112e-02
4.227214753627777100e-01
-1.258523203432559967e-02
-6.985208392143249512e-02
-1.205667495727539062e+00
-4.680162668228149414e-01
1.038110971450805664e+00
5.166890621185302734e-01
4.514955580234527588e-01
-2.230175584554672241e-01
-2.719372808933258057e-01
2.525312453508377075e-02
-2.576589882373809814e-01
1.442947387695312500e-01
3.301006555557250977e-01
-7.129585742950439453e-01
-1.827097684144973755e-02
-8.242663741111755371e-02
-1.179972589015960693e-01
-9.780883789062500000e-01
3.657848238945007324e-01
6.385201811790466309e-01
7.762010395526885986e-02
9.228971600532531738e-02
-2.736449539661407471e-01
4.962518215179443359e-01
3.355302512645721436e-01
-4.268600642681121826e-01
-2.464337348937988281e-01
2.247570315375924110e-03
-9.507137537002563477e-01
3.113346397876739502e-01
1.712907701730728149e-01
-1.254740078002214432e-02
1.726400107145309448e-01
-1.021031260490417480e+00
-6.806486248970031738e-01
-2.035737037658691406e-01
-2.018438130617141724e-01
-6.871582567691802979e-02
-5.937922596931457520e-01
1.019992113113403320e+00
1.050641655921936035e+00
9.525725990533828735e-02
-1.037914156913757324e+00
-1.020208448171615601e-01
7.098057270050048828e-01
3.717303872108459473e-01
-4.271139800548553467e-01
1.200775861740112305e+00
2.889576135203242302e-03
1.643371462821960449e+00
-1.460671126842498779e-01
-2.198847532272338867e-01
2.851259112358093262e-01
5.233755111694335938e-01
-4.013946056365966797e-01
1.620160937309265137e+00
5.445568561553955078e-01
-7.432507872581481934e-01
1.930394172668457031e-01
-6.934749484062194824e-01
-3.503630459308624268e-01
-5.130698084831237793e-01
-6.817913651466369629e-01
-8.949055075645446777e-01
1.093959927558898926e+00
-3.787723183631896973e-01
1.521604806184768677e-01
5.488786697387695312e-01
2.990207374095916748e-01
5.013024061918258667e-02
-4.597283303737640381e-01
-5.746999979019165039e-01
-2.121941596269607544e-01
4.698814451694488525e-01
5.289096236228942871e-01
-6.910004615783691406e-01
-9.858812391757965088e-02
-9.934192299842834473e-01
3.535644412040710449e-01
-8.929051756858825684e-01
1.184297680854797363e+00
-1.993774622678756714e-01
6.311181187629699707e-01
-1.401773840188980103e-01
-8.100119978189468384e-02
-3.215863406658172607e-01
9.554342627525329590e-01
4.727178215980529785e-01
-1.063001394271850586e+00
7.589467763900756836e-01
1.106760144233703613e+00
-8.522657752037048340e-01
1.836908459663391113e-01
-8.286647200584411621e-01
4.442547261714935303e-01
4.263496100902557373e-01
-3.849204480648040771e-01
-2.095757126808166504e-01
1.021962240338325500e-01
3.208886086940765381e-02
-8.543561697006225586e-01
-9.932644963264465332e-01
2.071517854928970337e-01
-3.686819076538085938e-01
1.212559819221496582e+00
1.235102564096450806e-01
-5.889042019844055176e-01
2.957357168197631836e-01
-2.528893947601318359e-01
-1.313413828611373901e-01
-3.112508542835712433e-02
-2.749910354614257812e-01
5.764485597610473633e-01
