1.369518756866455078e+00
1.210572242736816406e+00
1.419645667076110840e+00
1.571587681770324707e+00
1.225528359413146973e+00
1.136142492294311523e+00
1.303552389144897461e+00
1.459092736244201660e+00
1.135046362876892090e+00
1.001659035682678223e+00
9.662835597991943359e-01
1.144565939903259277e+00
1.207554578781127930e+00
1.263375639915466309e+00
1.310749530792236328e+00
1.429370641708374023e+00
1.204323291778564453e+00
1.417964458465576172e+00
1.324398994445800781e+00
1.354968786239624023e+00
1.184471368789672852e+00
1.369513988494873047e+00
1.157177686691284180e+00
1.321755528450012207e+00
1.385660290718078613e+00
1.450918555259704590e+00
1.055131196975708008e+00
1.239354610443115234e+00
1.292871952056884766e+00
1.074508905410766602e+00
1.370442986488342285e+00
1.427589893341064453e+00
1.247998833656311035e+00
1.203550219535827637e+00
1.083394408226013184e+00
1.432601451873779297e+00
1.371524333953857422e+00
1.109229087829589844e+00
1.217435956001281738e+00
1.160666227340698242e+00
1.258867502212524414e+00
1.302440166473388672e+00
1.177456021308898926e+00
1.161322712898254395e+00
1.241729974746704102e+00
1.059283852577209473e+00
1.359199643135070801e+00
1.281606912612915039e+00
1.040009379386901855e+00
1.428089141845703125e+00
1.499131560325622559e+00
1.351655244827270508e+00
1.207020759582519531e+00
1.168879508972167969e+00
1.235651254653930664e+00
1.269895315170288086e+00
1.438041567802429199e+00
1.223563194274902344e+00
1.122967720031738281e+00
1.303615450859069824e+00
1.187610387802124023e+00
1.184405922889709473e+00
1.257317662239074707e+00
1.387979269027709961e+00
1.334801435470581055e+00
1.384478926658630371e+00
1.271398901939392090e+00
1.164771676063537598e+00
1.172935485839843750e+00
1.289139986038208008e+00
1.058911800384521484e+00
1.310979604721069336e+00
1.311830997467041016e+00
1.472226858139038086e+00
1.271058559417724609e+00
1.334127426147460938e+00
1.314242362976074219e+00
1.095424890518188477e+00
1.342870116233825684e+00
1.167839407920837402e+00
1.208081007003784180e+00
1.261037349700927734e+00
1.314616680145263672e+00
1.250040650367736816e+00
1.265324711799621582e+00
1.296304702758789062e+00
1.287826418876647949e+00
1.351870894432067871e+00
1.320553541183471680e+00
1.370802879333496094e+00
1.472619771957397461e+00
1.296626806259155273e+00
1.186540007591247559e+00
1.403538942337036133e+00
1.311240315437316895e+00
1.176348686218261719e+00
1.268691182136535645e+00
1.422271728515625000e+00
1.297307848930358887e+00
1.208149433135986328e+00
1.296440839767456055e+00
1.434676408767700195e+00
1.472046613693237305e+00
1.059531092643737793e+00
1.498606085777282715e+00
1.155373454093933105e+00
1.375641465187072754e+00
1.064172029495239258e+00
1.220298051834106445e+00
1.257629990577697754e+00
1.165028810501098633e+00
1.349494814872741699e+00
1.229785561561584473e+00
1.390804409980773926e+00
1.242854595184326172e+00
1.286144137382507324e+00
1.395185351371765137e+00
1.283083081245422363e+00
1.154940843582153320e+00
1.476548910140991211e+00
1.183087468147277832e+00
1.229771614074707031e+00
1.163085460662841797e+00
1.271079063415527344e+00
1.322458624839782715e+00
1.278715729713439941e+00
1.249393463134765625e+00
1.243735432624816895e+00
