7.746058106422424316e-01
-1.499199986457824707e+00
-9.436206817626953125e-01
2.157746404409408569e-01
-3.142693340778350830e-01
4.730770364403724670e-03
1.625524610280990601e-01
-3.244610428810119629e-01
-1.188073754310607910e-01
-1.128642037510871887e-01
8.002654314041137695e-01
3.784586787223815918e-01
4.546795785427093506e-01
3.365224301815032959e-01
8.816243410110473633e-01
7.005988359451293945e-01
-6.108095049858093262e-01
-1.155228376388549805e+00
4.997398257255554199e-01
6.602041423320770264e-03
5.417815446853637695e-01
-2.247238755226135254e-01
4.811424314975738525e-01
-2.766554802656173706e-02
-8.391629159450531006e-02
2.278107106685638428e-01
8.174979090690612793e-01
-4.853587448596954346e-01
-3.274327516555786133e-01
4.014436900615692139e-01
-6.245555281639099121e-01
-1.847714781761169434e-01
-2.451513856649398804e-01
-1.427883803844451904e-01
-1.843754388391971588e-02
-2.215342037379741669e-02
1.251284956932067871e+00
1.018815189599990845e-01
2.969180345535278320e-01
9.163120388984680176e-01
2.500104606151580811e-01
-7.475752830505371094e-01
2.953197360038757324e-01
1.154284104704856873e-01
-2.524332404136657715e-01
4.112094640731811523e-01
7.770938873291015625e-01
4.331089854240417480e-01
9.766171872615814209e-02
5.839764475822448730e-01
1.051285266876220703e+00
-6.063439846038818359e-01
-7.984142303466796875e-01
-2.717452943325042725e-01
7.105841636657714844e-01
7.238780856132507324e-01
-1.439791440963745117e+00
-4.086290299892425537e-01
-4.963525533676147461e-01
7.555704116821289062e-01
7.746201157569885254e-01
-6.601969599723815918e-01
-3.663978874683380127e-01
-1.481770753860473633e+00
-3.155698180198669434e-01
-4.219323992729187012e-01
-3.199064731597900391e-01
-1.399375218898057938e-02
4.393801391124725342e-01
6.582472324371337891e-01
-2.161710411310195923e-01
-6.295328736305236816e-01
4.142162501811981201e-01
-1.008341073989868164e+00
-8.792503178119659424e-02
-2.705906033515930176e-01
3.471650481224060059e-01
-8.399795293807983398e-01
-2.258114963769912720e-01
2.527382075786590576e-01
1.898918882943689823e-03
-3.786645531654357910e-01
-1.993095427751541138e-01
-1.680491715669631958e-01
-4.788730144500732422e-01
-4.305028021335601807e-01
-8.489607274532318115e-02
1.928456276655197144e-01
-2.288274616003036499e-01
-1.156155914068222046e-01
8.639639616012573242e-01
-2.281931638717651367e-01
1.335189580917358398e+00
9.861000776290893555e-01
-9.818382263183593750e-01
-2.574155330657958984e-01
5.813475251197814941e-01
-1.293546110391616821e-01
2.940822541713714600e-01
7.374729514122009277e-01
5.869786739349365234e-01
5.028805732727050781e-01
7.074275016784667969e-01
6.447705030441284180e-01
-1.690739393234252930e+00
-2.315221875905990601e-01
3.147217929363250732e-01
-1.892977207899093628e-01
-9.342489838600158691e-01
1.261139065027236938e-01
4.466046690940856934e-01
-4.070305228233337402e-01
-2.175370156764984131e-01
-7.093881964683532715e-01
-1.450307220220565796e-01
-8.802248537540435791e-02
1.487098932266235352e+00
4.830764532089233398e-01
6.444652676582336426e-01
-5.562283396720886230e-01
-5.490809679031372070e-01
2.264833897352218628e-01
-2.278225719928741455e-01
-8.682800531387329102e-01
5.340659022331237793e-01
-5.508020520210266113e-01
-1.236216053366661072e-01
-7.060104012489318848e-01
