7.908923625946044922e-01
-1.535681247711181641e+00
-9.351561665534973145e-01
1.992440372705459595e-01
-3.060465455055236816e-01
-8.564761281013488770e-02
1.988428384065628052e-01
-2.790632843971252441e-01
-1.322418302297592163e-01
-1.175855621695518494e-01
8.239093422889709473e-01
3.402784466743469238e-01
4.112069606781005859e-01
3.169526457786560059e-01
8.832120299339294434e-01
7.058087587356567383e-01
-6.391720175743103027e-01
-1.125015020370483398e+00
5.118146538734436035e-01
-3.432253375649452209e-02
4.882757067680358887e-01
-2.544172108173370361e-01
4.959265589714050293e-01
-4.917279351502656937e-03
-6.767879426479339600e-02
2.745714783668518066e-01
7.900202274322509766e-01
-4.901480674743652344e-01
-3.966686725616455078e-01
3.663579225540161133e-01
-6.463530063629150391e-01
-2.100551575422286987e-01
-2.337601929903030396e-01
-1.093587800860404968e-01
-3.483794629573822021e-02
-3.888783976435661316e-02
1.287766218185424805e+00
9.371746331453323364e-02
2.755399346351623535e-01
9.477413296699523926e-01
2.226800769567489624e-01
-7.549139261245727539e-01
3.096366822719573975e-01
9.143368154764175415e-02
-2.664799690246582031e-01
3.888648152351379395e-01
7.971709966659545898e-01
4.103069901466369629e-01
9.199673682451248169e-02
5.659549832344055176e-01
1.063967347145080566e+00
-6.243624687194824219e-01
-7.981854677200317383e-01
-3.302573859691619873e-01
7.256425619125366211e-01
7.216033935546875000e-01
-1.494850039482116699e+00
-4.522660076618194580e-01
-4.892058074474334717e-01
7.415432333946228027e-01
7.601182460784912109e-01
-6.722002625465393066e-01
-3.836587667465209961e-01
-1.469394326210021973e+00
-3.068733513355255127e-01
-4.591363668441772461e-01
-3.247159123420715332e-01
-5.385237932205200195e-02
4.007095992565155029e-01
6.514059305191040039e-01
-2.265424132347106934e-01
-6.616035103797912598e-01
3.488708734512329102e-01
-9.815734624862670898e-01
-7.545556873083114624e-02
-2.772170603275299072e-01
2.711369395256042480e-01
-8.169498443603515625e-01
-2.151022553443908691e-01
2.221808582544326782e-01
2.115072682499885559e-02
-3.498803079128265381e-01
-1.425530314445495605e-01
-2.094103842973709106e-01
-4.391947388648986816e-01
-4.811428189277648926e-01
-7.420711219310760498e-02
2.373453974723815918e-01
-2.344303578138351440e-01
-8.709467202425003052e-02
8.788209557533264160e-01
-2.496559470891952515e-01
1.333818435668945312e+00
9.594579935073852539e-01
-9.938988685607910156e-01
-2.518939375877380371e-01
6.198233366012573242e-01
-1.406197696924209595e-01
2.752816975116729736e-01
6.961021423339843750e-01
6.035947203636169434e-01
5.036661028861999512e-01
7.079251408576965332e-01
6.667499542236328125e-01
-1.686973810195922852e+00
-2.350701391696929932e-01
3.438369929790496826e-01
-2.170502543449401855e-01
-9.373985528945922852e-01
9.973824024200439453e-02
4.382368326187133789e-01
-3.411623239517211914e-01
-2.299294322729110718e-01
-7.355184555053710938e-01
-1.745418310165405273e-01
-9.627634286880493164e-02
1.476490259170532227e+00
4.459665417671203613e-01
6.552484035491943359e-01
-6.061521172523498535e-01
-5.354467034339904785e-01
2.551026642322540283e-01
-1.861134916543960571e-01
-8.736429810523986816e-01
5.614025592803955078e-01
-5.585004091262817383e-01
-1.258607655763626099e-01
-6.871511936187744141e-01
