1.376554250717163086e+00
1.217456221580505371e+00
1.419112443923950195e+00
1.570112824440002441e+00
1.219902873039245605e+00
1.123399019241333008e+00
1.294483184814453125e+00
1.464403510093688965e+00
1.130389094352722168e+00
1.009805321693420410e+00
9.769797325134277344e-01
1.130060553550720215e+00
1.189540386199951172e+00
1.274055123329162598e+00
1.297582387924194336e+00
1.413568139076232910e+00
1.188308477401733398e+00
1.408528923988342285e+00
1.304749250411987305e+00
1.361452460289001465e+00
1.191110253334045410e+00
1.355028390884399414e+00
1.154801368713378906e+00
1.325146675109863281e+00
1.383675932884216309e+00
1.423074483871459961e+00
1.047253489494323730e+00
1.231884837150573730e+00
1.281107068061828613e+00
1.084982395172119141e+00
1.361834645271301270e+00
1.443169116973876953e+00
1.230131268501281738e+00
1.225787162780761719e+00
1.096852183341979980e+00
1.423544883728027344e+00
1.360512018203735352e+00
1.092325806617736816e+00
1.211067318916320801e+00
1.154619455337524414e+00
1.247406721115112305e+00
1.294319272041320801e+00
1.189489126205444336e+00
1.151129126548767090e+00
1.242972850799560547e+00
1.079736232757568359e+00
1.354904413223266602e+00
1.272286295890808105e+00
1.029219388961791992e+00
1.414013981819152832e+00
1.499371767044067383e+00
1.358949184417724609e+00
1.213929414749145508e+00
1.170492768287658691e+00
1.236298918724060059e+00
1.268789052963256836e+00
1.453280568122863770e+00
1.252411127090454102e+00
1.137258410453796387e+00
1.291309595108032227e+00
1.172477126121520996e+00
1.189464211463928223e+00
1.240037560462951660e+00
1.397297739982604980e+00
1.315925955772399902e+00
1.356053590774536133e+00
1.251718997955322266e+00
1.165657997131347656e+00
1.136156320571899414e+00
1.302448630332946777e+00
1.067255377769470215e+00
1.308728218078613281e+00
1.310098528861999512e+00
1.472447395324707031e+00
1.257816553115844727e+00
1.341261029243469238e+00
1.303709864616394043e+00
1.101829528808593750e+00
1.335252881050109863e+00
1.163263440132141113e+00
1.193806529045104980e+00
1.260071277618408203e+00
1.310182690620422363e+00
1.271090388298034668e+00
1.248251676559448242e+00
1.287041187286376953e+00
1.282304883003234863e+00
1.378041863441467285e+00
1.321903109550476074e+00
1.361029505729675293e+00
1.473180413246154785e+00
1.277528762817382812e+00
1.194661021232604980e+00
1.413713693618774414e+00
1.295082330703735352e+00
1.161499261856079102e+00
1.264199018478393555e+00
1.398156046867370605e+00
1.284073233604431152e+00
1.192752480506896973e+00
1.306778907775878906e+00
1.438747167587280273e+00
1.440808296203613281e+00
1.052895069122314453e+00
1.494158864021301270e+00
1.143632292747497559e+00
1.379478216171264648e+00
1.089814901351928711e+00
1.200649857521057129e+00
1.267551779747009277e+00
1.160675406455993652e+00
1.336620211601257324e+00
1.227303266525268555e+00
1.383437871932983398e+00
1.231806278228759766e+00
1.288833022117614746e+00
1.392236709594726562e+00
1.282961726188659668e+00
1.139230251312255859e+00
1.477632403373718262e+00
1.164122581481933594e+00
1.249137759208679199e+00
1.170445203781127930e+00
1.262184858322143555e+00
1.310646057128906250e+00
1.276726245880126953e+00
1.245108366012573242e+00
1.233662009239196777e+00
