1.368397116661071777e+00
1.208663463592529297e+00
1.406225562095642090e+00
1.593259096145629883e+00
1.221448302268981934e+00
1.119791030883789062e+00
1.297083258628845215e+00
1.464644432067871094e+00
1.133683204650878906e+00
1.008995771408081055e+00
9.815811514854431152e-01
1.140159010887145996e+00
1.206866741180419922e+00
1.278507709503173828e+00
1.309530019760131836e+00
1.424947857856750488e+00
1.212233424186706543e+00
1.435124635696411133e+00
1.302220106124877930e+00
1.358521938323974609e+00
1.189453244209289551e+00
1.360163807868957520e+00
1.154385447502136230e+00
1.320790886878967285e+00
1.400553703308105469e+00
1.439775347709655762e+00
1.041483759880065918e+00
1.239328026771545410e+00
1.278203248977661133e+00
1.074312329292297363e+00
1.353217124938964844e+00
1.438591241836547852e+00
1.252720594406127930e+00
1.209154248237609863e+00
1.099783658981323242e+00
1.433506846427917480e+00
1.360551714897155762e+00
1.094615101814270020e+00
1.211283087730407715e+00
1.165344357490539551e+00
1.252386569976806641e+00
1.306277036666870117e+00
1.194666862487792969e+00
1.169811248779296875e+00
1.245444536209106445e+00
1.072058916091918945e+00
1.365985274314880371e+00
1.276303768157958984e+00
1.031811714172363281e+00
1.423167109489440918e+00
1.512071490287780762e+00
1.346509218215942383e+00
1.216551899909973145e+00
1.164139270782470703e+00
1.253347754478454590e+00
1.267072200775146484e+00
1.430330276489257812e+00
1.245118141174316406e+00
1.135118484497070312e+00
1.291785001754760742e+00
1.165845155715942383e+00
1.174847602844238281e+00
1.249096632003784180e+00
1.389341592788696289e+00
1.326492547988891602e+00
1.368813276290893555e+00
1.262599110603332520e+00
1.172068595886230469e+00
1.163503289222717285e+00
1.308505892753601074e+00
1.057745933532714844e+00
1.312286853790283203e+00
1.315322637557983398e+00
1.486547827720642090e+00
1.272242188453674316e+00
1.329407572746276855e+00
1.300122737884521484e+00
1.103569388389587402e+00
1.334418177604675293e+00
1.167882323265075684e+00
1.193065047264099121e+00
1.251479268074035645e+00
1.305206537246704102e+00
1.262607812881469727e+00
1.259696722030639648e+00
1.294356703758239746e+00
1.278093338012695312e+00
1.350456476211547852e+00
1.318389773368835449e+00
1.365213751792907715e+00
1.470595121383666992e+00
1.291872978210449219e+00
1.184996128082275391e+00
1.423567295074462891e+00
1.305215597152709961e+00
1.163812279701232910e+00
1.258064627647399902e+00
1.406825065612792969e+00
1.298045396804809570e+00
1.203626275062561035e+00
1.311213016510009766e+00
1.448372006416320801e+00
1.448595643043518066e+00
1.054348349571228027e+00
1.488147377967834473e+00
1.142161488533020020e+00
1.379112005233764648e+00
1.068596482276916504e+00
1.215300798416137695e+00
1.270356655120849609e+00
1.158784747123718262e+00
1.338088274002075195e+00
1.234318137168884277e+00
1.390829920768737793e+00
1.238713026046752930e+00
1.288405776023864746e+00
1.399209737777709961e+00
1.284020900726318359e+00
1.151681542396545410e+00
1.483936548233032227e+00
1.167539000511169434e+00
1.242987632751464844e+00
1.150576949119567871e+00
1.264702200889587402e+00
1.314193248748779297e+00
1.282399296760559082e+00
1.262169122695922852e+00
1.251527190208435059e+00
