1.202429143325000283e+00
1.239239839930927012e+00
1.345655190394428047e+00
1.187500266117401893e+00
1.431169855334828211e+00
1.083297502077721575e+00
1.260581141269002226e+00
1.234862104532407079e+00
1.168337455011698722e+00
1.363835452258041148e+00
9.863423801338772057e-01
1.074237729094866811e+00
1.172853387737528896e+00
1.364196900141465774e+00
1.349406935090250004e+00
1.329834103269275980e+00
1.305197611531728086e+00
9.509245080557676699e-01
1.294518520539056361e+00
1.101374322549521168e+00
1.354673133445344790e+00
1.371179018226154511e+00
1.200125750277316161e+00
1.240104208925311369e+00
1.088831801895183249e+00
1.189948109248231134e+00
1.189028382688432917e+00
1.462577246530796016e+00
1.087889028495242716e+00
1.253582966224521034e+00
1.085821937949162264e+00
1.332916808238277628e+00
1.250464478825136450e+00
1.343248959446863733e+00
1.345316622248419414e+00
1.415820744175872559e+00
1.394263434436058491e+00
1.237205021849555830e+00
1.393148443172812057e+00
1.192974225899918306e+00
1.376082305603490763e+00
1.149382647501603127e+00
1.276523279116262399e+00
1.166559342618151529e+00
1.209823448251339473e+00
1.439718893856566151e+00
1.146948703366718281e+00
1.197354261395634500e+00
1.304982703576862857e+00
1.183595614036369259e+00
1.422558418209727060e+00
1.405133974130583718e+00
1.263084327949599350e+00
1.322420435991811249e+00
1.234373659099099685e+00
1.182853454659115844e+00
1.113666463307771526e+00
1.334209386431334687e+00
1.192133045237718347e+00
1.186135750910260578e+00
9.682420239782788540e-01
1.106806011282266633e+00
1.153400969794372566e+00
1.259591136594522709e+00
1.013882196231555621e+00
1.202530085399758031e+00
1.286917614309014413e+00
1.131430844807872038e+00
1.442390244940898736e+00
1.235419794211360500e+00
9.434834647510880190e-01
1.193812676861963462e+00
1.172090352610639652e+00
1.181275690779498344e+00
1.263249030201834655e+00
1.218225214790551680e+00
1.196804685749942809e+00
1.362694381236081886e+00
1.117277510016863262e+00
1.160322390908673063e+00
1.127818411302758506e+00
1.215930793657671538e+00
1.212977559077743628e+00
1.282693226372953355e+00
1.143988460222672865e+00
1.358882926918016265e+00
1.170579733948916568e+00
1.311952849337618687e+00
1.286331101715381786e+00
1.445202040115499909e+00
1.187691351735177703e+00
1.395425076347365678e+00
1.186220108754519664e+00
1.284065853232087440e+00
1.162827150303960888e+00
9.570334307556993547e-01
1.008342241387085947e+00
1.260775026621611783e+00
1.257078899714934916e+00
1.293688877328600384e+00
1.230721283329202054e+00
1.071325667399052772e+00
1.304897736903552818e+00
1.155449767377440207e+00
1.170219180857169361e+00
1.043030357138307718e+00
1.235290567151160923e+00
1.299132186932240751e+00
1.059273118202770814e+00
1.051529143604333250e+00
1.152595841205045879e+00
1.353402371302717011e+00
1.090220908920746856e+00
1.238643716875495127e+00
1.249195023571501695e+00
1.103313161953871635e+00
1.239204109522896280e+00
1.295879951464814717e+00
1.170563720347796988e+00
9.667699632332875659e-01
1.259810843357831223e+00
1.140493909149953966e+00
1.499703714886031714e+00
1.248771317985723828e+00
1.088687333901382726e+00
1.373777256402725078e+00
1.393366470786272737e+00
1.103308358817517432e+00
