1.366767883300781250e+00
1.205148220062255859e+00
1.416149497032165527e+00
1.569761753082275391e+00
1.223223805427551270e+00
1.134447693824768066e+00
1.300660729408264160e+00
1.456343412399291992e+00
1.132284164428710938e+00
1.000043749809265137e+00
9.632229208946228027e-01
1.141162872314453125e+00
1.202561736106872559e+00
1.258136391639709473e+00
1.307324528694152832e+00
1.425157308578491211e+00
1.200456976890563965e+00
1.414121150970458984e+00
1.319533586502075195e+00
1.350219249725341797e+00
1.181787490844726562e+00
1.364132046699523926e+00
1.152336835861206055e+00
1.319907546043395996e+00
1.382558107376098633e+00
1.446704983711242676e+00
1.050540566444396973e+00
1.238605499267578125e+00
1.292803168296813965e+00
1.072739958763122559e+00
1.369015574455261230e+00
1.425450921058654785e+00
1.244364857673645020e+00
1.201890468597412109e+00
1.079643368721008301e+00
1.429334282875061035e+00
1.369709491729736328e+00
1.106513977050781250e+00
1.212871074676513672e+00
1.159954786300659180e+00
1.257387995719909668e+00
1.301151752471923828e+00
1.175563693046569824e+00
1.160026550292968750e+00
1.236550927162170410e+00
1.057035446166992188e+00
1.358528017997741699e+00
1.281640887260437012e+00
1.036390900611877441e+00
1.425167202949523926e+00
1.493200302124023438e+00
1.347628116607666016e+00
1.205531954765319824e+00
1.163933396339416504e+00
1.232715249061584473e+00
1.268304347991943359e+00
1.435425400733947754e+00
1.219777464866638184e+00
1.120564341545104980e+00
1.302523016929626465e+00
1.185665249824523926e+00
1.181898236274719238e+00
1.253101468086242676e+00
1.384730935096740723e+00
1.334817051887512207e+00
1.379160284996032715e+00
1.270730018615722656e+00
1.165352582931518555e+00
1.171624064445495605e+00
1.286585211753845215e+00
1.057398080825805664e+00
1.307046532630920410e+00
1.310533046722412109e+00
1.467487335205078125e+00
1.270792365074157715e+00
1.331034421920776367e+00
1.313357114791870117e+00
1.092396736145019531e+00
1.340845108032226562e+00
1.167661666870117188e+00
1.205149173736572266e+00
1.258284926414489746e+00
1.313381314277648926e+00
1.247497916221618652e+00
1.262158870697021484e+00
1.294741511344909668e+00
1.286534309387207031e+00
1.348430514335632324e+00
1.317950963973999023e+00
1.368140339851379395e+00
1.470279812812805176e+00
1.294779300689697266e+00
1.181720614433288574e+00
1.403668880462646484e+00
1.309941768646240234e+00
1.173735857009887695e+00
1.266983151435852051e+00
1.419968962669372559e+00
1.292823433876037598e+00
1.202838659286499023e+00
1.293671131134033203e+00
1.431334733963012695e+00
1.467706203460693359e+00
1.056229948997497559e+00
1.496614575386047363e+00
1.152639746665954590e+00
1.372663617134094238e+00
1.062076091766357422e+00
1.216825127601623535e+00
1.255056381225585938e+00
1.161634922027587891e+00
1.346549153327941895e+00
1.226866126060485840e+00
1.386393308639526367e+00
1.238119006156921387e+00
1.282456994056701660e+00
1.393929362297058105e+00
1.280821204185485840e+00
1.150106310844421387e+00
1.471722722053527832e+00
1.179220199584960938e+00
1.227625966072082520e+00
1.157688498497009277e+00
1.267941236495971680e+00
1.319077253341674805e+00
1.275499224662780762e+00
1.247346520423889160e+00
1.242586612701416016e+00
