1.204178180431626055e+00
1.228902758999542488e+00
1.346698488027179730e+00
1.189215696018756541e+00
1.420457209119809106e+00
1.075694569307381165e+00
1.260275298427769863e+00
1.231054086276543558e+00
1.169641204721704408e+00
1.359569196054306817e+00
9.785639300714186195e-01
1.072292533624772171e+00
1.176168401785653073e+00
1.355797275682943281e+00
1.346924698076094495e+00
1.345894243879172780e+00
1.308824335596851851e+00
9.483240849273876227e-01
1.305917305392486849e+00
1.100623330105165776e+00
1.363138025505232553e+00
1.386587774382324723e+00
1.198596068853208019e+00
1.231668156526925406e+00
1.099873158045245214e+00
1.183003028106297982e+00
1.181634025246804720e+00
1.453790142812797059e+00
1.090486584343620891e+00
1.256308145512567309e+00
1.060029054360310585e+00
1.324011337295354362e+00
1.265346949280443223e+00
1.346488470301499651e+00
1.347327381958409953e+00
1.416417758849828346e+00
1.388055551213862149e+00
1.237514646538932395e+00
1.390406430370217272e+00
1.186699489447120115e+00
1.376680658303808924e+00
1.150046263613378361e+00
1.285838581504901157e+00
1.152289262599296649e+00
1.224192248734018218e+00
1.424184609658838863e+00
1.150276387885194040e+00
1.196913364990221273e+00
1.318884352320768505e+00
1.190013896461199483e+00
1.434501875105165247e+00
1.406164230813188087e+00
1.270037833701553209e+00
1.322707176413065788e+00
1.234738269791655352e+00
1.178100902729230404e+00
1.119643222673517569e+00
1.340593074493112935e+00
1.190952979317130289e+00
1.196114367691567759e+00
9.562673654569198156e-01
1.112649999166358317e+00
1.137605306713174613e+00
1.269542686220620498e+00
1.007230709638823996e+00
1.200912223446253035e+00
1.274082230998589305e+00
1.128836242543212576e+00
1.424183619633384579e+00
1.242434735479818420e+00
9.556245724567785649e-01
1.185524942581675623e+00
1.184251502591386007e+00
1.180176234731070251e+00
1.259634258680797148e+00
1.217497885156478166e+00
1.200259040761825657e+00
1.353066339380331273e+00
1.113760699221673756e+00
1.161736350433261400e+00
1.137612414657560356e+00
1.222366217941774025e+00
1.207501727981942219e+00
1.280748405868098461e+00
1.150851599378288626e+00
1.373735147336721640e+00
1.167071547478240046e+00
1.315430884048057303e+00
1.276973145492200645e+00
1.442583101444760985e+00
1.178504693172356399e+00
1.412155733047264494e+00
1.192068672897879988e+00
1.302428126226053307e+00
1.163337502477906682e+00
9.634259595275469490e-01
1.007461656907012504e+00
1.259047903869808582e+00
1.258621286511205861e+00
1.292507464597961508e+00
1.229132968054771569e+00
1.074422684720165222e+00
1.301971282706873456e+00
1.165981478619075196e+00
1.178071665739310880e+00
1.052609140023256007e+00
1.230894542828169014e+00
1.316351217569276422e+00
1.057538765455649399e+00
1.049051486193585125e+00
1.135742232807847918e+00
1.347404141964524404e+00
1.090866098573237020e+00
1.241816584852933891e+00
1.252786625015619659e+00
1.090940191622309818e+00
1.243376383622968095e+00
1.287780813364524102e+00
1.177632641852330853e+00
9.673465429070000621e-01
1.266599053303482769e+00
1.138244676812224077e+00
1.484605327186520940e+00
1.241334721892998427e+00
1.097287480485330535e+00
1.350356022177543691e+00
1.391082874253555257e+00
1.102910596747036731e+00
