1.132657434389628515e+00
1.172258298995848769e+00
1.268224815006927075e+00
1.138959578110819937e+00
1.351021803757384010e+00
1.038608395370888893e+00
1.208562499128571499e+00
1.166759665583557037e+00
1.112380185721497217e+00
1.300925750081812104e+00
9.271548186745520725e-01
1.021614887104279168e+00
1.109776175659741515e+00
1.283528158961428023e+00
1.274454805965905768e+00
1.267261162264567087e+00
1.239646760647234780e+00
8.917956406968885474e-01
1.219800232083063429e+00
1.040104384273620841e+00
1.300177720832643269e+00
1.323925573358966323e+00
1.132136565556153274e+00
1.187680866590329121e+00
1.042520155757363343e+00
1.103886225766119500e+00
1.116355938383799096e+00
1.394377666336315214e+00
1.037297318841019056e+00
1.187788776999968210e+00
1.009484929990369428e+00
1.252195732765668978e+00
1.200264193972088389e+00
1.257393440522279748e+00
1.275260331116880863e+00
1.336289210287443074e+00
1.313784029734507586e+00
1.180091151582089770e+00
1.337359970450903379e+00
1.133895885898980715e+00
1.290011557969482192e+00
1.100741320398657352e+00
1.224696182971997338e+00
1.100945876455722061e+00
1.159162764213098606e+00
1.348918621096095505e+00
1.094454688977958501e+00
1.128745542757567444e+00
1.254480719315648862e+00
1.122192960082588176e+00
1.368959872349581941e+00
1.349168054611129541e+00
1.216994186125343935e+00
1.267267227555005871e+00
1.177414019238942178e+00
1.100860541446925689e+00
1.064800625754195318e+00
1.254447596040300317e+00
1.129204624282511560e+00
1.128338306285586512e+00
9.014758196247404376e-01
1.064195930251206068e+00
1.072702688220880329e+00
1.215413946641016985e+00
9.448746242076287993e-01
1.149480405696186480e+00
1.213068360090305609e+00
1.071543405017211681e+00
1.359630389574038478e+00
1.177645248114971066e+00
9.052700592739739704e-01
1.117332962556351506e+00
1.115092477377388258e+00
1.119209487379131396e+00
1.200288414949442384e+00
1.142049373211881269e+00
1.127994381500214693e+00
1.266749989446608771e+00
1.044248971034196449e+00
1.108411787463400744e+00
1.076993579237920384e+00
1.149433469598190705e+00
1.140325944972442107e+00
1.206991987337388883e+00
1.110068353274039410e+00
1.308130046899310450e+00
1.100804643061208843e+00
1.254600173164316157e+00
1.212641714078641852e+00
1.393630013749170615e+00
1.116280318000619109e+00
1.344743222305029073e+00
1.119012664778596955e+00
1.239285386503028885e+00
1.106155293525536765e+00
9.065128402357646165e-01
9.584702657318611152e-01
1.192955403458569208e+00
1.195494692359808209e+00
1.237717293079150682e+00
1.174175466963996550e+00
1.011812262416820207e+00
1.228273760574995155e+00
1.088775907961977651e+00
1.103750830715361841e+00
9.977678515079314581e-01
1.162149642257026771e+00
1.231577568482085772e+00
1.004787301855744719e+00
9.877451740237465083e-01
1.095872711965206303e+00
1.301866780387137990e+00
1.044049687285498296e+00
1.179190263259301208e+00
1.193544988960423714e+00
1.025549911797953184e+00
1.176184210079036285e+00
1.219908263979598173e+00
1.122824440650948885e+00
9.180090002566281271e-01
1.221452025238811245e+00
1.080911613813405392e+00
1.410706295079751760e+00
1.178437967452207191e+00
1.036858128730916206e+00
1.283767947548465571e+00
1.335359662157564520e+00
1.044480118848218453e+00
