1.365763664245605469e+00
1.214782238006591797e+00
1.420113801956176758e+00
1.573297262191772461e+00
1.227392435073852539e+00
1.118001937866210938e+00
1.291380286216735840e+00
1.471605896949768066e+00
1.130188107490539551e+00
1.005893230438232422e+00
9.792397022247314453e-01
1.137389540672302246e+00
1.202744960784912109e+00
1.277410507202148438e+00
1.288330912590026855e+00
1.424217820167541504e+00
1.191656947135925293e+00
1.412433385848999023e+00
1.322407245635986328e+00
1.368139028549194336e+00
1.204175710678100586e+00
1.349593639373779297e+00
1.159558534622192383e+00
1.322191357612609863e+00
1.384549617767333984e+00
1.431295275688171387e+00
1.042742371559143066e+00
1.236286163330078125e+00
1.287858009338378906e+00
1.078240156173706055e+00
1.358979105949401855e+00
1.448990345001220703e+00
1.231899738311767578e+00
1.244282007217407227e+00
1.101059198379516602e+00
1.444363713264465332e+00
1.377217769622802734e+00
1.097114205360412598e+00
1.191700816154479980e+00
1.147408843040466309e+00
1.238927483558654785e+00
1.306350111961364746e+00
1.199457526206970215e+00
1.143106698989868164e+00
1.249331116676330566e+00
1.083549022674560547e+00
1.345775008201599121e+00
1.270892143249511719e+00
1.035524368286132812e+00
1.429768085479736328e+00
1.492457628250122070e+00
1.375865101814270020e+00
1.192671775817871094e+00
1.186163902282714844e+00
1.243239760398864746e+00
1.270694971084594727e+00
1.472093820571899414e+00
1.254784703254699707e+00
1.102891802787780762e+00
1.298424601554870605e+00
1.156204462051391602e+00
1.198206067085266113e+00
1.232849121093750000e+00
1.399863362312316895e+00
1.328964114189147949e+00
1.345588326454162598e+00
1.252695083618164062e+00
1.147733688354492188e+00
1.144117832183837891e+00
1.329102277755737305e+00
1.077817082405090332e+00
1.324853301048278809e+00
1.300688147544860840e+00
1.478227376937866211e+00
1.260670065879821777e+00
1.344121694564819336e+00
1.290333509445190430e+00
1.094312548637390137e+00
1.341057300567626953e+00
1.171781063079833984e+00
1.194408297538757324e+00
1.269237399101257324e+00
1.314204096794128418e+00
1.281955003738403320e+00
1.248435735702514648e+00
1.290923118591308594e+00
1.287957310676574707e+00
1.378369808197021484e+00
1.317913770675659180e+00
1.351108193397521973e+00
1.438034653663635254e+00
1.276964902877807617e+00
1.176329612731933594e+00
1.417039275169372559e+00
1.316784262657165527e+00
1.166554570198059082e+00
1.270890355110168457e+00
1.400692462921142578e+00
1.270008683204650879e+00
1.191034078598022461e+00
1.304510235786437988e+00
1.435365319252014160e+00
1.431395769119262695e+00
1.068108558654785156e+00
1.482217431068420410e+00
1.141364216804504395e+00
1.390720248222351074e+00
1.076444149017333984e+00
1.208784818649291992e+00
1.264592528343200684e+00
1.162923216819763184e+00
1.327323794364929199e+00
1.221198439598083496e+00
1.375011086463928223e+00
1.223330259323120117e+00
1.292432427406311035e+00
1.397481083869934082e+00
1.277081012725830078e+00
1.149726629257202148e+00
1.456891894340515137e+00
1.172835230827331543e+00
1.268129229545593262e+00
1.165555238723754883e+00
1.250884413719177246e+00
1.305474162101745605e+00
1.269058227539062500e+00
1.243318319320678711e+00
1.237598776817321777e+00
