9.077198961468866401e-01
1.133127883376133127e+00
1.583312955253743937e-01
3.853938047298015590e-01
1.122492543780069241e+00
1.160158688992453335e+00
1.373061593518897894e+00
1.016434909439631440e+00
9.842043756047473835e-01
1.055884749373859677e+00
1.073079102838761401e+00
9.230075958736279063e-01
1.010365581429176984e+00
1.083829300835951415e+00
1.006030250335470555e+00
1.243603514593516479e+00
1.344163496119108459e+00
1.033656952845319665e+00
1.043648105362734668e+00
1.107841200333261611e+00
1.146013889291346288e+00
1.308500792220399944e+00
6.561306956523367262e-01
9.412493185113390837e-01
1.343898392241229089e+00
1.239616420509143779e+00
1.082541639718186843e+00
1.060202812057156052e+00
1.728373967036489489e+00
1.513199729373098990e+00
1.263055844744549461e+00
8.704667708102036272e-01
3.226151373238348441e-01
1.116501967589563549e+00
1.276372063572637217e+00
1.133379105438123702e+00
1.231260515754165397e+00
1.076796974332594914e+00
1.614266976920248453e+00
1.104953326175575512e+00
1.082959776042258682e+00
1.043605521897845279e+00
4.358350686026604137e-01
1.310751486298194379e+00
1.385549785066643835e+00
1.145910403087000873e+00
1.388436875274720705e+00
8.944031853023091116e-01
1.390780858365218364e+00
1.123643626008146157e+00
1.251234804533581269e+00
1.057703361427826394e+00
1.073107274344842210e+00
1.392077305195357440e+00
1.405315379294904687e+00
9.277867582451051476e-01
1.255959715976928237e+00
1.131831692347645912e+00
9.645934596358074486e-01
1.122747436767397744e+00
1.227332955236363432e+00
1.008462634843411365e+00
9.512416154180698413e-01
1.175450136538749746e+00
1.173825957392310215e+00
9.003912713186679184e-01
1.080088326827961964e+00
1.009430143388811985e+00
1.183691962675993636e+00
1.112652030832919081e+00
1.323681161349590241e+00
9.893960715917984317e-01
1.493924208274961529e+00
2.614698875115024634e-01
1.222988568859072700e+00
1.093166759547941069e+00
1.160155261281346384e+00
1.193744134525303480e+00
1.171265058422072514e+00
6.480728537681734736e-01
1.157418512326444215e+00
9.938117795821099776e-01
1.409920501917724778e+00
1.063458791470893061e+00
9.850112672832196381e-01
1.038095883883926263e+00
1.181936803734686237e+00
7.915046851064744260e-01
1.103080800012357088e+00
1.253433940438469563e+00
1.157576351343294618e+00
1.115854638100906016e+00
1.322525891398100839e+00
1.146321827997425657e+00
1.325739111178947383e+00
9.002005071646124179e-01
1.175845630440292666e+00
1.360556666553691230e+00
1.069500820744806902e+00
1.067379562322628317e+00
1.172972178310914160e+00
1.324646204193641097e+00
1.249374276228309100e+00
1.188373473032733330e+00
9.916353286118351207e-01
1.356746728438928074e+00
9.645495249213809075e-01
8.580744705954401752e-01
1.146971788008777082e+00
1.121681254791056404e+00
1.153201894849246401e+00
9.713346856126463535e-01
1.532566288385467601e+00
1.096485818755198238e+00
1.279419323735709213e+00
1.196027227835131157e+00
1.362110684334098210e+00
1.034513927475771311e+00
1.132428732312646957e+00
7.180919493854176494e-01
1.309248852554873110e+00
1.477654351672413213e+00
1.218133504773788900e+00
1.059160473102814137e+00
1.064291380508549878e+00
1.106493523925379918e+00
1.309555881707041181e+00
1.093027269378524124e+00
