-4.139641821384429932e-01
6.841970086097717285e-01
4.999176859855651855e-01
-7.355501055717468262e-01
2.350966632366180420e-01
-1.304872184991836548e-01
-5.513431429862976074e-01
2.890493273735046387e-01
-1.177854657173156738e+00
4.634873569011688232e-01
4.674306511878967285e-01
5.506520867347717285e-01
-3.496023416519165039e-01
1.690229475498199463e-01
6.198365688323974609e-01
-7.108913660049438477e-01
-1.662132501602172852e+00
1.363204568624496460e-01
3.861687779426574707e-01
8.663944602012634277e-01
-9.219929575920104980e-02
3.475577831268310547e-01
4.721619486808776855e-01
1.409742116928100586e+00
5.844846367835998535e-01
-7.469639182090759277e-01
-1.524009853601455688e-01
-6.171656250953674316e-01
6.817981600761413574e-02
2.617954015731811523e-01
-9.550546407699584961e-01
-5.195240378379821777e-01
-3.141878247261047363e-01
4.737433791160583496e-01
5.941315889358520508e-01
-7.979688048362731934e-01
-6.308315992355346680e-01
-3.883883655071258545e-01
-1.110839486122131348e+00
-6.539783477783203125e-01
-2.560881078243255615e-01
4.812335669994354248e-01
-3.904502093791961670e-02
3.997727930545806885e-01
3.380661010742187500e-01
-2.843397855758666992e-01
1.634723842144012451e-01
7.666082382202148438e-01
1.541864633560180664e+00
-5.468875765800476074e-01
1.546087265014648438e-01
7.665474414825439453e-01
-3.032789230346679688e-01
7.492428421974182129e-01
-2.038258761167526245e-01
-4.751490429043769836e-03
-2.732370793819427490e-01
5.431926846504211426e-01
-1.265111118555068970e-01
7.071550488471984863e-01
8.123495429754257202e-02
-1.373712897300720215e+00
-6.732040643692016602e-01
-7.484926581382751465e-01
-5.007227063179016113e-01
1.096742391586303711e+00
5.375326424837112427e-02
5.005146861076354980e-01
-4.168189465999603271e-01
2.139592319726943970e-01
-8.035624623298645020e-01
3.082422614097595215e-01
1.898421645164489746e-01
3.185599744319915771e-01
-8.058008551597595215e-01
3.430991768836975098e-01
9.806457161903381348e-01
-2.129053473472595215e-01
5.516000390052795410e-01
4.661681354045867920e-01
-1.916611939668655396e-01
-4.779646694660186768e-01
-2.811724841594696045e-01
4.085946381092071533e-01
1.204813361167907715e+00
6.745619773864746094e-01
-1.195189714431762695e+00
-5.680245161056518555e-01
6.114017963409423828e-01
-8.388308286666870117e-01
9.735199809074401855e-01
-5.199002027511596680e-01
-1.946247667074203491e-01
4.879143554717302322e-03
5.491697788238525391e-01
1.030282139778137207e+00
3.224138915538787842e-01
5.641540884971618652e-01
9.918286204338073730e-01
1.317708849906921387e+00
-3.035774230957031250e-01
-4.760704934597015381e-02
-5.025835633277893066e-01
-1.535196453332901001e-01
9.694280028343200684e-01
-8.305196166038513184e-01
-6.894743442535400391e-01
-7.134648561477661133e-01
3.584886491298675537e-01
-7.123841047286987305e-01
-1.213034510612487793e+00
9.727998971939086914e-01
3.392446339130401611e-01
4.874112606048583984e-01
1.905129998922348022e-01
4.611058905720710754e-02
-2.842690646648406982e-01
-5.448579788208007812e-01
6.697964072227478027e-01
-4.238114655017852783e-01
2.905792593955993652e-01
9.145219326019287109e-01
8.595372438430786133e-01
-7.768484298139810562e-03
-2.991656661033630371e-01
-1.554242968559265137e+00
-1.222559928894042969e+00
4.345026314258575439e-01
