4.993780255317687988e-01
5.894422531127929688e-01
5.227841138839721680e-01
1.006360650062561035e+00
4.951117336750030518e-01
4.391524791717529297e-01
5.805976986885070801e-01
4.260430932044982910e-01
4.768576920032501221e-01
2.896962165832519531e-01
5.544625520706176758e-01
5.656834840774536133e-01
4.814750552177429199e-01
7.554470300674438477e-01
3.656238019466400146e-01
5.462380647659301758e-01
3.848840892314910889e-01
4.625210464000701904e-01
6.680061817169189453e-01
4.626280665397644043e-01
6.041902899742126465e-01
4.922896623611450195e-01
6.397067904472351074e-01
5.415252447128295898e-01
5.869203805923461914e-01
4.985911250114440918e-01
5.463530421257019043e-01
5.985231995582580566e-01
5.597301125526428223e-01
6.448268294334411621e-01
6.322276592254638672e-01
5.793579220771789551e-01
5.791102051734924316e-01
4.496953487396240234e-01
4.131135940551757812e-01
4.821772277355194092e-01
5.270534157752990723e-01
5.023602247238159180e-01
7.411831021308898926e-01
4.551877677440643311e-01
6.564746499061584473e-01
6.925492882728576660e-01
5.606551170349121094e-01
4.956838190555572510e-01
6.503121256828308105e-01
7.120647430419921875e-01
4.975918233394622803e-01
5.470551848411560059e-01
6.596093773841857910e-01
6.066760420799255371e-01
6.863144636154174805e-01
5.314286351203918457e-01
5.015504360198974609e-01
5.201182365417480469e-01
4.748451709747314453e-01
5.162721276283264160e-01
5.619965791702270508e-01
4.632084667682647705e-01
5.952278375625610352e-01
4.075013697147369385e-01
5.121200084686279297e-01
5.498622059822082520e-01
4.283050596714019775e-01
4.559470117092132568e-01
5.338870882987976074e-01
4.704768061637878418e-01
3.689162135124206543e-01
3.728738427162170410e-01
4.782937169075012207e-01
3.902026712894439697e-01
4.578850567340850830e-01
6.648971438407897949e-01
7.523484826087951660e-01
3.349491953849792480e-01
5.157160162925720215e-01
5.277997255325317383e-01
4.625370502471923828e-01
5.120344758033752441e-01
4.885855913162231445e-01
5.223200321197509766e-01
7.188071012496948242e-01
4.839584827423095703e-01
6.857675909996032715e-01
5.712777376174926758e-01
4.991325438022613525e-01
5.338607430458068848e-01
5.884566307067871094e-01
5.375339984893798828e-01
4.493395984172821045e-01
4.014357328414916992e-01
5.711981654167175293e-01
6.222867369651794434e-01
6.002101302146911621e-01
5.286788940429687500e-01
6.663663387298583984e-01
4.642812609672546387e-01
5.333042740821838379e-01
4.341876506805419922e-01
4.625650942325592041e-01
6.743239760398864746e-01
6.930555701255798340e-01
5.184785127639770508e-01
5.646594762802124023e-01
4.282435774803161621e-01
7.486522197723388672e-01
5.804857015609741211e-01
3.529764711856842041e-01
3.583805561065673828e-01
6.662579774856567383e-01
4.573748707771301270e-01
6.787991523742675781e-01
5.461827516555786133e-01
6.731982827186584473e-01
7.209185957908630371e-01
5.591241717338562012e-01
4.792652130126953125e-01
5.316112041473388672e-01
4.714267551898956299e-01
5.136104226112365723e-01
3.831688761711120605e-01
5.632019042968750000e-01
7.314080595970153809e-01
5.764422416687011719e-01
4.222083985805511475e-01
7.583125233650207520e-01
6.371536254882812500e-01
5.131360292434692383e-01
4.981088340282440186e-01
