7.415041923522949219e-01
9.040095210075378418e-01
1.062982082366943359e+00
4.656920731067657471e-01
6.283186674118041992e-01
5.658830404281616211e-01
7.095282673835754395e-01
3.828293383121490479e-01
6.738250255584716797e-01
6.320981383323669434e-01
4.761810898780822754e-01
6.501543521881103516e-01
6.985788941383361816e-01
7.088612318038940430e-01
6.227874159812927246e-01
4.535484313964843750e-01
7.332055568695068359e-01
6.124165654182434082e-01
8.785922527313232422e-01
6.164869666099548340e-01
9.366566538810729980e-01
4.729525446891784668e-01
7.890767455101013184e-01
5.345520973205566406e-01
7.800293564796447754e-01
5.631130337715148926e-01
9.288275837898254395e-01
8.213300108909606934e-01
9.834082126617431641e-01
1.033732652664184570e+00
8.358198404312133789e-01
5.923168063163757324e-01
7.559291720390319824e-01
7.622888684272766113e-01
7.013541460037231445e-01
7.273187637329101562e-01
5.914462804794311523e-01
7.402360439300537109e-01
6.945831775665283203e-01
5.819723010063171387e-01
1.036056280136108398e+00
6.419248580932617188e-01
5.356803536415100098e-01
6.975247859954833984e-01
1.029641628265380859e+00
6.698896288871765137e-01
5.643091797828674316e-01
5.996828079223632812e-01
8.524266481399536133e-01
7.703571915626525879e-01
9.367579817771911621e-01
6.479791998863220215e-01
7.526310086250305176e-01
5.814508199691772461e-01
6.009971499443054199e-01
6.812191605567932129e-01
6.305782794952392578e-01
6.856467127799987793e-01
7.023461461067199707e-01
6.881392598152160645e-01
4.996809661388397217e-01
9.034571051597595215e-01
8.135790228843688965e-01
8.423648476600646973e-01
6.072798371315002441e-01
5.309826135635375977e-01
4.870490133762359619e-01
6.759058833122253418e-01
5.904321074485778809e-01
8.940569162368774414e-01
6.091622114181518555e-01
8.507226705551147461e-01
9.197861552238464355e-01
4.871068298816680908e-01
6.340661048889160156e-01
7.961965799331665039e-01
6.367153525352478027e-01
5.872151851654052734e-01
5.501946210861206055e-01
5.160389542579650879e-01
7.438836693763732910e-01
6.697852015495300293e-01
1.109119176864624023e+00
8.179743289947509766e-01
8.713257908821105957e-01
7.479161620140075684e-01
1.053868055343627930e+00
5.356822609901428223e-01
6.551763415336608887e-01
4.677418172359466553e-01
6.139521002769470215e-01
7.219910025596618652e-01
7.590942382812500000e-01
8.098366856575012207e-01
7.112669944763183594e-01
7.190738320350646973e-01
7.727401256561279297e-01
4.527836143970489502e-01
7.678851485252380371e-01
7.123352289199829102e-01
1.000071048736572266e+00
5.936118364334106445e-01
8.164364099502563477e-01
5.648922324180603027e-01
6.890313029289245605e-01
7.003899216651916504e-01
4.665131866931915283e-01
5.684114098548889160e-01
7.374892234802246094e-01
5.975624322891235352e-01
6.408037543296813965e-01
8.097811341285705566e-01
1.037279725074768066e+00
9.336891770362854004e-01
6.039465069770812988e-01
7.710486650466918945e-01
5.778702497482299805e-01
8.150123953819274902e-01
6.677712202072143555e-01
7.090895175933837891e-01
5.553315877914428711e-01
7.137461304664611816e-01
7.270991802215576172e-01
5.440673828125000000e-01
5.847968459129333496e-01
6.304685473442077637e-01
4.603953659534454346e-01
9.084380865097045898e-01
