-7.726905345916748047e-01
1.716599941253662109e+00
1.274679422378540039e+00
-3.631230592727661133e-01
6.738280653953552246e-01
8.205839432775974274e-03
-2.207533419132232666e-01
4.583854675292968750e-01
-1.609332323074340820e+00
1.735616087913513184e+00
-6.271917223930358887e-01
3.569560050964355469e-01
-2.074939943850040436e-02
2.728548943996429443e-01
1.959979534149169922e-01
-9.317550063133239746e-01
-1.580025315284729004e+00
-1.718312129378318787e-02
4.748917222023010254e-01
1.358899116516113281e+00
-3.291095420718193054e-02
-7.252951711416244507e-02
-7.339214682579040527e-01
1.807865381240844727e+00
7.459067106246948242e-01
-6.337057948112487793e-01
5.199262499809265137e-01
-1.688218265771865845e-01
-3.060312271118164062e-01
4.131949245929718018e-01
-1.550574779510498047e+00
-3.425275683403015137e-01
-3.667315840721130371e-02
2.201841920614242554e-01
1.832058280706405640e-01
-9.714719057083129883e-01
-5.324283838272094727e-01
-1.086202859878540039e+00
3.452184200286865234e-01
1.658514291048049927e-01
1.273658394813537598e+00
3.150498494505882263e-02
-1.616870015859603882e-01
4.728553891181945801e-01
-5.493371486663818359e-01
1.392901837825775146e-01
5.163018703460693359e-01
9.330970048904418945e-01
9.531645774841308594e-01
1.303979456424713135e-01
-1.741609424352645874e-01
5.768565535545349121e-01
-5.341171622276306152e-01
1.532020419836044312e-01
2.716422080993652344e-01
-8.628050982952117920e-02
-6.134407520294189453e-01
6.066583991050720215e-01
-2.801577150821685791e-01
5.851519107818603516e-01
3.356654644012451172e-01
-1.107453823089599609e+00
-2.481086969375610352e+00
3.462795913219451904e-01
-9.209689497947692871e-01
5.646990537643432617e-01
1.052528023719787598e+00
6.643903851509094238e-01
-5.425679311156272888e-02
5.527660250663757324e-01
-8.337802290916442871e-01
2.743147015571594238e-01
3.479211032390594482e-01
2.180555343627929688e+00
-6.189587712287902832e-01
7.036965489387512207e-01
1.475555777549743652e+00
-5.646811723709106445e-01
1.194413065910339355e+00
2.086375057697296143e-01
-1.210510060191154480e-01
-1.091145157814025879e+00
5.465649068355560303e-03
1.067868351936340332e+00
2.272581100463867188e+00
2.205172479152679443e-01
-1.177170872688293457e+00
-3.500625723972916603e-03
5.301240682601928711e-01
-1.097446322441101074e+00
4.274651706218719482e-01
1.067369729280471802e-01
4.822151958942413330e-01
-3.425732851028442383e-01
1.532535314559936523e+00
-2.169582396745681763e-01
7.475852966308593750e-01
-3.167127668857574463e-01
1.487276315689086914e+00
3.326793909072875977e-01
-7.738501429557800293e-01
-6.352703571319580078e-01
-8.205519616603851318e-02
8.146865367889404297e-01
1.293959259986877441e+00
3.984780311584472656e-01
-1.721107482910156250e+00
-2.935639619827270508e-01
1.056648015975952148e+00
-1.078957557678222656e+00
-1.564791202545166016e+00
1.323535203933715820e+00
-7.843711972236633301e-01
1.061349987983703613e+00
2.905474603176116943e-01
2.884387075901031494e-01
1.832968443632125854e-01
-1.277838706970214844e+00
1.563162803649902344e+00
-3.873012959957122803e-02
-9.422039389610290527e-01
-4.604937434196472168e-01
1.525517404079437256e-01
1.207676306366920471e-01
-1.274535417556762695e+00
-2.315922975540161133e+00
-7.802594900131225586e-01
-3.850567936897277832e-01
