7.018902509300914971e-01
7.317602145843693506e-01
7.853914106044612709e-01
1.526957056146450498e+00
7.032033399651709260e-01
6.209210529390958300e-01
6.586953722210324713e-01
6.843846019000920933e-01
6.864572925550760374e-01
6.084151476144938897e-01
6.597493418997260051e-01
7.533073935644623020e-01
6.206869217260191363e-01
7.141839453218494782e-01
6.456459369921461189e-01
7.059138141884702122e-01
6.041092309146236516e-01
5.700476832320511278e-01
6.239447916009339679e-01
6.935092959053079653e-01
6.484052489791309881e-01
7.771005778599757718e-01
8.619576037448339889e-01
8.247138680486258977e-01
7.726455974884629541e-01
7.120016535114359613e-01
6.837388488693108002e-01
6.493847675876622816e-01
7.662619807283306272e-01
7.225447779149760663e-01
8.158151439432401730e-01
6.167998309298781123e-01
6.847950569593308501e-01
7.302595676741248099e-01
7.958327501641022650e-01
6.333736535364806741e-01
6.819574916472959103e-01
6.679363579330725997e-01
7.180502844048248789e-01
6.507891765545252838e-01
7.004192016031538515e-01
6.663051351428777025e-01
1.371407259703573800e+00
6.655780548521903484e-01
7.771911025145072927e-01
7.152222796217344580e-01
6.734130048441784311e-01
5.578664176936420915e-01
8.064356035372384213e-01
7.573131064575164828e-01
6.537777710962160427e-01
7.134102226656793277e-01
6.671016675092005244e-01
7.230001264682073270e-01
7.273690540432653506e-01
8.095512806659144189e-01
7.498503856086600194e-01
6.482690871827117007e-01
7.458011704625064908e-01
7.431365530990490242e-01
7.276430178239934321e-01
6.484224405744498654e-01
7.552117348911480121e-01
6.168907614476282220e-01
6.900622175248400936e-01
6.498846038565062599e-01
6.930246389490619663e-01
6.294705576024028915e-01
6.111950995199180170e-01
5.724124603143820877e-01
7.181649176193332096e-01
7.786120150734348044e-01
7.575088282249353711e-01
9.570300261182609347e-01
7.080577506478746841e-01
6.978619007913380301e-01
6.641480920362923257e-01
7.024099068088816011e-01
7.757307254327798773e-01
9.451037090584080147e-01
7.341464471494418831e-01
8.456828959665472212e-01
8.379298763363181024e-01
7.675737947031961994e-01
5.869241614012032926e-01
7.444697269191991040e-01
8.023145602450441061e-01
6.515968651139658618e-01
6.886868439609514780e-01
5.997982605291909408e-01
6.930725725152342420e-01
7.126731649715978278e-01
7.110816550262200053e-01
7.038789409097034877e-01
7.090898883447280809e-01
6.083928324172376279e-01
7.282252743218577962e-01
6.278277291468015164e-01
6.344969037510281851e-01
6.793968337252209722e-01
7.197527510015646612e-01
6.336489254483268496e-01
7.336924127557296060e-01
7.268184583895731521e-01
6.254212064784354652e-01
7.793333416538104075e-01
6.020390729405917796e-01
5.978066685039422623e-01
7.665452519018955968e-01
7.434083821749482013e-01
7.668224427430061496e-01
5.863598177329265582e-01
7.562511332023689192e-01
6.608675089813971226e-01
6.448066816777426880e-01
7.790979070696266717e-01
6.564629852432091184e-01
7.197220261721213319e-01
6.830221639554565627e-01
5.522070866540573775e-01
7.360043948257910529e-01
7.375814349743592402e-01
7.775759296065629655e-01
7.004680271339580599e-01
1.144985984083291441e+00
8.059685830746445845e-01
7.398393832707483853e-01
7.572742233454690108e-01
