-7.887228727340698242e-01
9.705374240875244141e-01
-1.454451560974121094e+00
-4.915308654308319092e-01
1.346598267555236816e+00
-1.652368307113647461e-01
-3.634136542677879333e-02
1.430599093437194824e-01
-1.427292943000793457e+00
5.726296901702880859e-01
-1.489895880222320557e-01
2.204274535179138184e-01
5.389319658279418945e-01
-6.084294989705085754e-02
6.139319539070129395e-01
-5.374307036399841309e-01
-3.972301185131072998e-01
2.365910857915878296e-01
-2.861214578151702881e-01
1.201566576957702637e+00
2.913347817957401276e-02
-6.277973651885986328e-01
-2.907378077507019043e-01
1.486524581909179688e+00
8.797902464866638184e-01
-6.120467185974121094e-01
-3.699762374162673950e-02
-2.296169400215148926e-01
4.284131228923797607e-01
2.647939920425415039e-01
-8.808543086051940918e-01
-4.205015897750854492e-01
-8.992511630058288574e-01
2.267863154411315918e-01
-2.275300621986389160e-01
-3.986712098121643066e-01
-3.294639661908149719e-02
-5.984881520271301270e-01
7.897673547267913818e-02
-2.475830614566802979e-01
1.477936267852783203e+00
4.756706953048706055e-02
4.434335231781005859e-01
9.562412649393081665e-02
-2.565785050392150879e-01
1.018683984875679016e-01
6.696069836616516113e-01
1.203361153602600098e+00
-6.651267409324645996e-02
6.879597902297973633e-01
5.308212041854858398e-01
4.379594326019287109e-01
1.361584663391113281e-01
3.368860110640525818e-03
1.637389212846755981e-01
-3.084679506719112396e-02
4.793154597282409668e-01
1.210742741823196411e-01
-3.200365304946899414e-01
8.716475963592529297e-01
7.612376660108566284e-02
1.791141331195831299e-01
-9.711752533912658691e-01
1.144759133458137512e-01
8.716136962175369263e-02
5.854294821619987488e-02
7.331371307373046875e-01
3.769826591014862061e-01
-9.797135740518569946e-02
6.356372237205505371e-01
-1.010100096464157104e-01
6.971648335456848145e-01
7.268456816673278809e-01
-4.937790393829345703e+00
-9.121301174163818359e-01
-3.653686940670013428e-01
9.108123779296875000e-01
-1.531072109937667847e-01
1.177549004554748535e+00
8.976297378540039062e-01
-1.817546039819717407e-02
-2.557067573070526123e-01
1.388574093580245972e-01
6.411209702491760254e-01
1.742495298385620117e+00
-1.362388730049133301e-01
-6.455599069595336914e-01
8.612543940544128418e-01
4.642186760902404785e-01
-4.165377318859100342e-01
8.892865777015686035e-01
-5.039963126182556152e-01
-3.494582772254943848e-01
6.823674589395523071e-02
7.729641199111938477e-01
5.788255929946899414e-01
4.206895828247070312e-01
-6.911987811326980591e-02
7.453418970108032227e-01
6.262612342834472656e-01
-1.678293012082576752e-02
6.239395141601562500e-01
2.777731716632843018e-01
4.616470336914062500e-01
6.494673490524291992e-01
3.989234194159507751e-02
-8.410431146621704102e-01
5.062510445713996887e-02
8.165904283523559570e-01
-1.174081921577453613e+00
-8.598810434341430664e-01
9.449871182441711426e-01
-7.336733490228652954e-02
6.865449249744415283e-02
-4.352388903498649597e-02
-1.535484343767166138e-01
-6.830783933401107788e-02
-9.627277255058288574e-01
1.411000639200210571e-01
3.133067488670349121e-01
-3.280231654644012451e-01
-9.256907552480697632e-02
3.723435103893280029e-01
-8.533089160919189453e-01
-4.562588334083557129e-01
-2.073843240737915039e+00
-4.080352783203125000e-01
8.204850554466247559e-02
