1.116260811686515808e-01
1.090067625045776367e+00
-6.996107101440429688e-02
-4.131019413471221924e-01
7.016705870628356934e-01
-3.617945015430450439e-01
-8.713207393884658813e-02
7.018552422523498535e-01
-2.214295119047164917e-01
-7.211647033691406250e-01
-5.943073630332946777e-01
3.095998466014862061e-01
5.695854127407073975e-02
3.339242339134216309e-01
7.617018818855285645e-01
-4.566208422183990479e-01
-3.564255833625793457e-01
1.618144661188125610e-01
1.089345574378967285e+00
3.580106198787689209e-01
-3.604790866374969482e-01
-4.489737749099731445e-01
7.753422018140554428e-03
-1.785027831792831421e-01
-6.761016845703125000e-01
-4.324283003807067871e-01
-3.036742508411407471e-01
-1.208570003509521484e+00
-5.019657611846923828e-01
1.062418892979621887e-01
-5.544397234916687012e-01
-7.783722877502441406e-01
-6.868003010749816895e-01
1.694032102823257446e-01
-5.218259692192077637e-01
-1.835490167140960693e-01
-3.324383199214935303e-01
-5.318995118141174316e-01
7.877902984619140625e-01
-7.120636105537414551e-01
1.397150874137878418e+00
1.085528433322906494e-01
-6.776082515716552734e-01
1.490741014480590820e+00
-1.289432168006896973e+00
-1.178128365427255630e-02
8.990891575813293457e-01
1.477400660514831543e-01
-8.295706510543823242e-01
7.311672568321228027e-01
7.618325352668762207e-01
-8.628103137016296387e-01
-3.275804221630096436e-01
1.377917379140853882e-01
4.369328320026397705e-01
-2.329413890838623047e-01
1.177935481071472168e+00
4.339109063148498535e-01
-2.947320938110351562e-01
4.535818397998809814e-01
1.869897693395614624e-01
7.541562318801879883e-01
6.123962998390197754e-02
1.507274508476257324e-01
1.430025249719619751e-01
-5.085710883140563965e-01
6.420599818229675293e-01
6.569343805313110352e-01
-6.467307209968566895e-01
3.139415085315704346e-01
-3.519034981727600098e-01
2.112209349870681763e-01
1.381161570549011230e+00
-2.691815137863159180e+00
-8.432482928037643433e-02
-1.157353758811950684e+00
3.545778393745422363e-01
7.471574544906616211e-01
-6.915693879127502441e-01
6.386920064687728882e-02
-4.098764061927795410e-01
4.242832958698272705e-01
8.963201045989990234e-01
1.124695658683776855e+00
9.391041398048400879e-01
3.839024007320404053e-01
-5.246990919113159180e-01
3.365623950958251953e-01
-1.429597139358520508e-01
-4.689548313617706299e-01
-6.842420697212219238e-01
-7.012456059455871582e-01
-5.583691596984863281e-01
4.445948004722595215e-01
-4.195158556103706360e-02
-2.195451557636260986e-01
-2.800441905856132507e-02
-1.018903106451034546e-01
2.324217855930328369e-01
1.291873574256896973e+00
-3.476194739341735840e-01
3.859823644161224365e-01
2.219114899635314941e-01
7.418698072433471680e-01
6.863191127777099609e-01
8.374879360198974609e-01
-3.598773777484893799e-01
-3.679167032241821289e-01
1.752246022224426270e-01
-9.242958426475524902e-01
9.863834828138351440e-02
2.806140780448913574e-01
-9.046123623847961426e-01
-6.414805054664611816e-01
3.877525031566619873e-01
1.379988342523574829e-02
-4.614334404468536377e-01
2.361982017755508423e-01
4.071704149246215820e-01
-1.083707734942436218e-01
-7.441445589065551758e-01
-4.270521998405456543e-01
2.244706302881240845e-01
-4.031952619552612305e-01
-2.969172596931457520e-01
-1.890991032123565674e-01
-2.425523549318313599e-01
-2.556912899017333984e-01
