4.993779960337825230e-01
5.894422911381288488e-01
5.227841282861038774e-01
1.006360625088508653e+00
4.951117078308629460e-01
4.391524579104350567e-01
5.805976950278104454e-01
4.260431103632148497e-01
4.768577366055285482e-01
2.896962424677411163e-01
5.544626026598254986e-01
5.656834828323696884e-01
4.814750606970075175e-01
7.554470668851391846e-01
3.656238236631680349e-01
5.462380657078598212e-01
3.848840837957760441e-01
4.625210342901888705e-01
6.680061903617627861e-01
4.626280773096181909e-01
6.041903096800388395e-01
4.922896573405829979e-01
6.397067641556988260e-01
5.415252239718849614e-01
5.869203961356732613e-01
4.985910825407111613e-01
5.463529871061164611e-01
5.985231773333257177e-01
5.597301094805035016e-01
6.448267789996544597e-01
6.322276921745627609e-01
5.793579174769715179e-01
5.791102376117166495e-01
4.496953470522828678e-01
4.131136177807953058e-01
4.821772352608291734e-01
5.270534393252571670e-01
5.023602172393245580e-01
7.411830420156668708e-01
4.551877689384556946e-01
6.564746297415752219e-01
6.925493337979911068e-01
5.606550935738887631e-01
4.956837934533247503e-01
6.503121426173383846e-01
7.120647363455840928e-01
4.975918394877976159e-01
5.470551856484248132e-01
6.596094062015797066e-01
6.066760591512652123e-01
6.863144372160202566e-01
5.314286189858775655e-01
5.015504655903992859e-01
5.201182492539209168e-01
4.748451428751342407e-01
5.162721292568420717e-01
5.619965659559241766e-01
4.632084534713437618e-01
5.952278030278477239e-01
4.075013765258945209e-01
5.121200422039191569e-01
5.498622047652611533e-01
4.283050556370184836e-01
4.559470372749074296e-01
5.338871098656344794e-01
4.704767891456018147e-01
3.689162122479134331e-01
3.728738426382595672e-01
4.782937243734129984e-01
3.902026479727328523e-01
4.578850488292259824e-01
6.648971475900350425e-01
7.523484515012586193e-01
3.349491756126051212e-01
5.157160194994292457e-01
5.277997302823842496e-01
4.625370529764439853e-01
5.120344834833425729e-01
4.885856250693494385e-01
5.223200674481197625e-01
7.188070535524122562e-01
4.839584833585924284e-01
6.857675943055683287e-01
5.712777115354521484e-01
4.991325118642479519e-01
5.338607168391270585e-01
5.884566479523659632e-01
5.375339748511964721e-01
4.493396243787078359e-01
4.014357327035445455e-01
5.711981830075707478e-01
6.222867042073007005e-01
6.002101323099927610e-01
5.286788881591150124e-01
6.663663563341493123e-01
4.642812716094934511e-01
5.333042739318218928e-01
4.341876598527770192e-01
4.625651073805003288e-01
6.743239893831225462e-01
6.930555815965245836e-01
5.184785203783588425e-01
5.646594781977170019e-01
4.282435507973231803e-01
7.486522330153244642e-01
5.804857146136396251e-01
3.529764877124018096e-01
3.583805588299514566e-01
6.662579871273883736e-01
4.573748576136870136e-01
6.787991393332815093e-01
5.461827784639352590e-01
6.731982955811213198e-01
7.209185755089980718e-01
5.591241656764578405e-01
4.792652082749878084e-01
5.316112234795992153e-01
4.714267259440094171e-01
5.136104465144344378e-01
3.831688681680741060e-01
5.632019272098026663e-01
7.314080475109200341e-01
5.764422899381898002e-01
4.222084184359464754e-01
7.583125590468161592e-01
6.371536022499942886e-01
5.131360418736461426e-01
4.981088295322473325e-01
