4.797966582848829376e-01
5.529162057484882098e-01
3.670583069940747123e-01
1.683303156990660909e+00
4.849711484290875063e-01
4.933088080005063603e-01
6.947100303625362017e-01
4.711823580356409025e-01
4.468843729180722590e-01
2.816141812593286886e-01
5.462101324780377354e-01
5.344968113603272286e-01
5.152941600692813040e-01
7.092344126586098696e-01
3.998439796275796709e-01
6.563212155227944322e-01
4.132758592449086166e-01
4.881154963037808159e-01
6.311378276327275216e-01
4.731855680096117567e-01
5.946354408421541393e-01
5.291150489199480944e-01
5.587316754648377071e-01
4.665688773610980888e-01
5.662373445763080326e-01
5.386850383571797352e-01
4.786807113877742381e-01
6.776218542117931065e-01
5.956920340384286305e-01
6.804035011766416119e-01
6.654158489936889964e-01
7.033841586492854958e-01
4.848957072262507495e-01
4.488179488452885835e-01
3.890511758505681428e-01
5.314102888090808108e-01
5.364889232835139410e-01
5.219067773710435176e-01
8.532309438589180672e-01
4.676409283067854972e-01
6.285330272182143574e-01
7.333844440059777980e-01
8.146315225370699409e-01
5.180045785300571026e-01
7.037300613387387216e-01
6.950076654284202959e-01
5.380412439142325809e-01
5.535977854036318035e-01
5.774631777370196062e-01
6.075842544718312865e-01
9.026137638108053807e-01
5.845611217009505367e-01
4.841428809677239542e-01
4.899744292779075749e-01
4.494911653950595110e-01
5.967315658404217515e-01
6.166031043227491182e-01
4.866917872822611457e-01
6.206337376574992959e-01
3.760112244900231104e-01
5.170424876693289207e-01
5.567975843791899138e-01
3.977080008368165664e-01
5.301743491340502601e-01
4.954179909510330049e-01
4.872384868582386730e-01
3.830913237161084339e-01
3.765696401181983788e-01
5.839049809557010917e-01
4.293656581444800224e-01
5.185083996547632523e-01
7.769783282419027159e-01
8.820991893088248048e-01
1.426802014049588507e-01
5.481634408005504611e-01
4.820472165923561647e-01
4.746493162263334398e-01
5.607842791734398702e-01
5.720137467761787775e-01
4.846128530965643222e-01
9.392420970056605256e-01
5.877923609996855703e-01
6.758537845897052421e-01
6.270188399508214161e-01
4.585397891241136392e-01
5.419672903523959917e-01
5.677803821747318125e-01
5.111117407517298261e-01
4.730143507753936660e-01
4.455257631382210093e-01
5.393710538753460071e-01
6.449952184032881064e-01
6.225678396497613676e-01
5.656551847323498805e-01
8.019896247321582905e-01
4.647356015290355913e-01
5.440098929321521837e-01
4.686184925418501734e-01
4.383510317770191733e-01
6.356031977881535511e-01
8.512489098784712382e-01
5.463942825364398459e-01
5.780952841572712941e-01
3.461676442139527410e-01
7.690830180720809039e-01
6.058492474207213263e-01
3.847189502173442577e-01
4.048817624373270974e-01
6.241091350768712687e-01
4.553982908945783947e-01
7.283152076388432761e-01
5.547561836251020395e-01
6.593630062648756507e-01
7.978859456827080976e-01
6.060265440242318391e-01
4.631052676912759125e-01
6.303439839419127111e-01
5.561047791318856071e-01
5.057355723708880646e-01
4.148705594709269917e-01
6.598346529062837362e-01
7.353754950685313929e-01
5.793316654417139944e-01
4.370352546339333344e-01
6.003804363747846651e-01
6.548812844612257322e-01
5.473541796520322578e-01
5.196910950374693527e-01
