7.375408371010165887e-01
8.674948808224280938e-01
1.156886840463068777e+00
4.721653761859745391e-01
6.262705703719169126e-01
5.767399057072800650e-01
7.074161076463788556e-01
3.712294423409706612e-01
6.965848856022812674e-01
6.433823473049904429e-01
5.127163964406128427e-01
6.890691976390930229e-01
7.716997518670972722e-01
7.024165093671808080e-01
6.694034228959242494e-01
4.721699646832095976e-01
7.637093209967986684e-01
6.351797954187216044e-01
9.840196380369363727e-01
5.631448174353664848e-01
9.103583997918924808e-01
4.810160115766158873e-01
9.148866042531745846e-01
5.556070140503253096e-01
8.841345811223443318e-01
5.525211089238584172e-01
9.534143977002368375e-01
9.059099727278430159e-01
8.844213892040307945e-01
1.005842210393258718e+00
8.611268473194682027e-01
6.663099290235942052e-01
8.443238573830169624e-01
7.540015231285022157e-01
7.672234058355265063e-01
7.174338751490894062e-01
6.249345643747542534e-01
6.800212707524611044e-01
9.636349298172073308e-01
6.153047372627481471e-01
1.007795750843035298e+00
6.562640213446837567e-01
5.603965929091481168e-01
8.004003669944936838e-01
9.268542625128013412e-01
8.245909560718204245e-01
5.012075889278786445e-01
6.561896148790309358e-01
9.223366454310814033e-01
7.843496896660834272e-01
1.050859754375223609e+00
6.595128433103396581e-01
7.527149323124295854e-01
5.900577559384239112e-01
6.352684483863371145e-01
7.536061354337131313e-01
7.132805746514078171e-01
6.921867791066830256e-01
8.648808359131656687e-01
7.871305266298020964e-01
5.024322661281552804e-01
1.004945450295055887e+00
7.617010510162480763e-01
8.851894436149382317e-01
6.593948169711724150e-01
5.957976722796305413e-01
5.015380381424725531e-01
6.898990683864577589e-01
5.891345359929087699e-01
8.610342638187179487e-01
6.942444555428033404e-01
9.348584881972612504e-01
8.439369400231583329e-01
5.369096064333078733e-01
7.018216291359442582e-01
7.858320785402935771e-01
5.983720797707118288e-01
5.737502944971748509e-01
5.901968700099630150e-01
5.096716484264309788e-01
7.423360969388705932e-01
7.755195979038371767e-01
1.161429251926976214e+00
7.425900585288106592e-01
8.190812034555229326e-01
7.547998670750609707e-01
1.168008348212028702e+00
6.037243621586881881e-01
7.275218708950651481e-01
5.216565424567624065e-01
6.639606100329346061e-01
6.790595173001441331e-01
8.343045006094773619e-01
8.218723813082781104e-01
7.125205135930683387e-01
7.339595514313559388e-01
8.948396948396590833e-01
4.764192784859093699e-01
7.611755905313284387e-01
7.267766717556776168e-01
9.738931013233118605e-01
5.958223947335260506e-01
7.794412858259159860e-01
6.412437838899878173e-01
8.347149078026731006e-01
7.252651914950370982e-01
4.736803521205485423e-01
5.871026350958522544e-01
8.073941674561445625e-01
5.964586158220437362e-01
7.428898562139466533e-01
8.190759977319918006e-01
1.187133683650387184e+00
9.546547560046179104e-01
6.857189222858445232e-01
7.778233044268025864e-01
5.854288484359835287e-01
8.440927689255781630e-01
7.181137191159063793e-01
7.366468280515415801e-01
5.842497149471421736e-01
8.223031122567552309e-01
8.554819661370929307e-01
5.631309753708461097e-01
7.993101795428053657e-01
6.890149733702389812e-01
5.181057443052824452e-01
9.908571276954737383e-01
