5.553113818168640137e-01
6.476545333862304688e-01
4.307411313056945801e-01
8.628510832786560059e-01
5.885163545608520508e-01
5.396124124526977539e-01
6.188358068466186523e-01
5.703020095825195312e-01
5.481258034706115723e-01
5.338712930679321289e-01
5.492638945579528809e-01
5.763902068138122559e-01
5.242186784744262695e-01
5.861182212829589844e-01
5.642910599708557129e-01
6.162515282630920410e-01
5.626205801963806152e-01
4.922470152378082275e-01
5.253272056579589844e-01
5.705540776252746582e-01
5.580102205276489258e-01
6.958218216896057129e-01
6.130908131599426270e-01
6.262356638908386230e-01
6.446018218994140625e-01
6.206470727920532227e-01
5.712416768074035645e-01
5.644462108612060547e-01
6.855996847152709961e-01
6.394149661064147949e-01
7.017295360565185547e-01
5.026711821556091309e-01
4.785001277923583984e-01
6.183331608772277832e-01
6.468357443809509277e-01
5.735755562782287598e-01
6.032570004463195801e-01
5.507858991622924805e-01
6.430672407150268555e-01
5.666240453720092773e-01
6.006807684898376465e-01
5.591596364974975586e-01
8.846611976623535156e-01
5.664839148521423340e-01
6.632637977600097656e-01
5.874845385551452637e-01
5.896291732788085938e-01
4.706561863422393799e-01
6.828098297119140625e-01
6.447080373764038086e-01
5.993975996971130371e-01
5.939870476722717285e-01
5.594453811645507812e-01
6.189757585525512695e-01
6.629237532615661621e-01
6.087298393249511719e-01
6.453769803047180176e-01
5.416650772094726562e-01
5.921609997749328613e-01
6.128801703453063965e-01
6.139941215515136719e-01
5.159111022949218750e-01
5.659967660903930664e-01
5.345764756202697754e-01
5.981079339981079102e-01
5.661762952804565430e-01
5.868021845817565918e-01
5.530086159706115723e-01
5.615373849868774414e-01
5.122405290603637695e-01
6.473331451416015625e-01
6.446888446807861328e-01
6.871998906135559082e-01
5.527924299240112305e-01
6.253642439842224121e-01
5.657641887664794922e-01
5.901781916618347168e-01
6.028188467025756836e-01
6.322122216224670410e-01
6.590724587440490723e-01
6.218123435974121094e-01
6.702904701232910156e-01
6.903364658355712891e-01
6.292258501052856445e-01
4.918627440929412842e-01
6.014884114265441895e-01
6.675958037376403809e-01
5.168538689613342285e-01
5.799418091773986816e-01
5.536683201789855957e-01
5.602145195007324219e-01
5.779556632041931152e-01
6.494644284248352051e-01
6.122615337371826172e-01
6.262522339820861816e-01
4.891382753849029541e-01
6.669673919677734375e-01
5.644315481185913086e-01
5.257921218872070312e-01
5.649226307868957520e-01
6.147076487541198730e-01
5.682796239852905273e-01
6.550542712211608887e-01
6.196427345275878906e-01
5.127516984939575195e-01
6.640564203262329102e-01
5.102967619895935059e-01
4.897910952568054199e-01
6.351410746574401855e-01
5.955219268798828125e-01
6.130235195159912109e-01
4.888210892677307129e-01
6.716693639755249023e-01
5.513594150543212891e-01
5.766218304634094238e-01
6.595529317855834961e-01
6.195133328437805176e-01
5.880208015441894531e-01
5.877919197082519531e-01
4.524142146110534668e-01
6.300595402717590332e-01
6.634041070938110352e-01
6.319045424461364746e-01
5.812159180641174316e-01
8.977708816528320312e-01
6.293312311172485352e-01
6.530070304870605469e-01
6.283152699470520020e-01
