1.116260364651679993e-01
1.090067744255065918e+00
-6.996116787195205688e-02
-4.131019711494445801e-01
7.016705870628356934e-01
-3.617945015430450439e-01
-8.713207393884658813e-02
7.018552422523498535e-01
-2.214295566082000732e-01
-7.211647033691406250e-01
-5.943072438240051270e-01
3.095998466014862061e-01
5.695848539471626282e-02
3.339242935180664062e-01
7.617018818855285645e-01
-4.566209912300109863e-01
-3.564256429672241211e-01
1.618145108222961426e-01
1.089345574378967285e+00
3.580106496810913086e-01
-3.604790866374969482e-01
-4.489737749099731445e-01
7.753490470349788666e-03
-1.785027980804443359e-01
-6.761016845703125000e-01
-4.324283003807067871e-01
-3.036742508411407471e-01
-1.208569884300231934e+00
-5.019657611846923828e-01
1.062419340014457703e-01
-5.544396042823791504e-01
-7.783722877502441406e-01
-6.868003010749816895e-01
1.694031953811645508e-01
-5.218260288238525391e-01
-1.835489869117736816e-01
-3.324383497238159180e-01
-5.318996310234069824e-01
7.877902984619140625e-01
-7.120634913444519043e-01
1.397150993347167969e+00
1.085527986288070679e-01
-6.776082515716552734e-01
1.490741014480590820e+00
-1.289432287216186523e+00
-1.178127527236938477e-02
8.990892767906188965e-01
1.477400660514831543e-01
-8.295706510543823242e-01
7.311672568321228027e-01
7.618325352668762207e-01
-8.628103137016296387e-01
-3.275805115699768066e-01
1.377917379140853882e-01
4.369328320026397705e-01
-2.329413890838623047e-01
1.177935481071472168e+00
4.339108467102050781e-01
-2.947321236133575439e-01
4.535818397998809814e-01
1.869897991418838501e-01
7.541562318801879883e-01
6.123961880803108215e-02
1.507275104522705078e-01
1.430025100708007812e-01
-5.085710883140563965e-01
6.420600414276123047e-01
6.569343805313110352e-01
-6.467307806015014648e-01
3.139415085315704346e-01
-3.519035279750823975e-01
2.112209349870681763e-01
1.381161570549011230e+00
-2.691815137863159180e+00
-8.432482928037643433e-02
-1.157353758811950684e+00
3.545778393745422363e-01
7.471575736999511719e-01
-6.915693879127502441e-01
6.386917084455490112e-02
-4.098764359951019287e-01
4.242832958698272705e-01
8.963199853897094727e-01
1.124695658683776855e+00
9.391040205955505371e-01
3.839024901390075684e-01
-5.246990919113159180e-01
3.365623950958251953e-01
-1.429597288370132446e-01
-4.689548313617706299e-01
-6.842420697212219238e-01
-7.012456059455871582e-01
-5.583691596984863281e-01
4.445948600769042969e-01
-4.195160791277885437e-02
-2.195451557636260986e-01
-2.800446562469005585e-02
-1.018903777003288269e-01
2.324217855930328369e-01
1.291873455047607422e+00
-3.476195037364959717e-01
3.859823644161224365e-01
2.219114899635314941e-01
7.418698072433471680e-01
6.863191127777099609e-01
8.374879956245422363e-01
-3.598773479461669922e-01
-3.679167032241821289e-01
1.752246171236038208e-01
-9.242958426475524902e-01
9.863839298486709595e-02
2.806141376495361328e-01
-9.046123623847961426e-01
-6.414805054664611816e-01
3.877525031566619873e-01
1.379991229623556137e-02
-4.614335596561431885e-01
2.361982464790344238e-01
4.071703851222991943e-01
-1.083707883954048157e-01
-7.441445589065551758e-01
-4.270521998405456543e-01
2.244706302881240845e-01
-4.031952023506164551e-01
-2.969172000885009766e-01
-1.890991032123565674e-01
-2.425523549318313599e-01
-2.556913197040557861e-01
