7.791883945465087891e-01
8.752766847610473633e-01
2.195863574743270874e-01
7.695231437683105469e-01
8.830601572990417480e-01
9.182868003845214844e-01
1.066330790519714355e+00
8.033459782600402832e-01
8.129475116729736328e-01
8.114351034164428711e-01
8.941653966903686523e-01
8.572263717651367188e-01
7.946001887321472168e-01
9.119594693183898926e-01
7.394944429397583008e-01
9.161695837974548340e-01
9.387540817260742188e-01
8.511893153190612793e-01
7.993600964546203613e-01
8.785215020179748535e-01
9.145209193229675293e-01
9.247227907180786133e-01
6.878254413604736328e-01
8.669036626815795898e-01
1.020412325859069824e+00
9.661268591880798340e-01
8.437578678131103516e-01
8.675771951675415039e-01
1.236376881599426270e+00
1.103625535964965820e+00
9.743097424507141113e-01
6.679349541664123535e-01
4.169341623783111572e-01
8.900354504585266113e-01
1.002432346343994141e+00
8.253992795944213867e-01
9.874528050422668457e-01
8.730295896530151367e-01
1.113105058670043945e+00
8.100245594978332520e-01
9.013683795928955078e-01
8.420149683952331543e-01
6.911069750785827637e-01
9.596549868583679199e-01
1.099654555320739746e+00
9.592427015304565430e-01
1.023850202560424805e+00
7.583512067794799805e-01
1.098788499832153320e+00
9.345987439155578613e-01
9.237531423568725586e-01
8.621882796287536621e-01
8.375260233879089355e-01
1.051988959312438965e+00
1.030931949615478516e+00
8.434293270111083984e-01
1.058751821517944336e+00
8.778128623962402344e-01
8.587653636932373047e-01
8.521782159805297852e-01
9.959826469421386719e-01
8.358442187309265137e-01
7.763227224349975586e-01
8.036989569664001465e-01
9.519671797752380371e-01
7.512518167495727539e-01
8.423114418983459473e-01
7.523462772369384766e-01
8.352336883544921875e-01
8.082880973815917969e-01
9.333207011222839355e-01
8.361734151840209961e-01
1.129784584045410156e+00
4.717507660388946533e-01
9.427208304405212402e-01
8.984419703483581543e-01
9.025939702987670898e-01
9.116394519805908203e-01
9.646505713462829590e-01
8.159654736518859863e-01
8.836808204650878906e-01
8.651897311210632324e-01
1.106775045394897461e+00
9.033553004264831543e-01
7.700898051261901855e-01
8.209841251373291016e-01
9.453170299530029297e-01
7.797831296920776367e-01
8.741065859794616699e-01
8.541550636291503906e-01
8.978727459907531738e-01
9.042920470237731934e-01
9.570938348770141602e-01
9.430436491966247559e-01
1.006970286369323730e+00
7.202943563461303711e-01
8.912699818611145020e-01
9.768123030662536621e-01
8.628824949264526367e-01
9.161756634712219238e-01
9.150372147560119629e-01
9.893932342529296875e-01
9.544811248779296875e-01
9.514227509498596191e-01
8.375831246376037598e-01
9.940622448921203613e-01
7.430863380432128906e-01
6.935018301010131836e-01
9.801056981086730957e-01
9.325576424598693848e-01
9.873940944671630859e-01
7.696287631988525391e-01
1.149659037590026855e+00
8.544723391532897949e-01
1.027549028396606445e+00
9.643520116806030273e-01
9.448868632316589355e-01
8.093295693397521973e-01
8.883837461471557617e-01
6.709101796150207520e-01
9.744490385055541992e-01
1.043646812438964844e+00
9.639667272567749023e-01
8.318557143211364746e-01
1.072302579879760742e+00
8.860667943954467773e-01
1.017047047615051270e+00
8.567539453506469727e-01
