3.326551955231339675e-02
2.082556081276170507e-02
2.646674667097395628e-02
2.418922513872577215e-02
2.431696420932533478e-02
2.476382909793115039e-02
2.535608285882588742e-02
2.536574786096618822e-02
2.518443652966029234e-02
2.631005659628938773e-02
2.693756865931067404e-02
2.642974987375681581e-02
2.602436741719229077e-02
2.521359991278345272e-02
2.482774420202465970e-02
2.428290936958367105e-02
2.418857451842729850e-02
2.559078283269131462e-02
2.553349797911376104e-02
2.609960934392587667e-02
2.581643640080238944e-02
2.709268113956936688e-02
2.841746475716214540e-02
3.068635638613120831e-02
3.114369039088154406e-02
3.088108781288858434e-02
3.179823693843836230e-02
3.140263215827174270e-02
3.030180963610852249e-02
2.855328418529051379e-02
2.864895812868848909e-02
2.876737633769304442e-02
2.832126443878794225e-02
2.947842540874427361e-02
3.037250476868898555e-02
3.139069138832138034e-02
3.091228109915255748e-02
3.055171888803340230e-02
2.963483984925095044e-02
2.983540788068415883e-02
2.889314875867639298e-02
2.816840256595572883e-02
2.572551899750733992e-02
2.470052316933523187e-02
2.372323377078682655e-02
2.458872654251745282e-02
2.432098589954666615e-02
2.450339100449371033e-02
2.527029977300659924e-02
2.591891857858138332e-02
2.578327143042299235e-02
2.740498081472583086e-02
2.797277699603044690e-02
2.634375758733672329e-02
2.772122568111309165e-02
2.788018876977247165e-02
2.763791467929767667e-02
2.583872138683924319e-02
2.647078326133726900e-02
2.502122462129149905e-02
2.435202897245614811e-02
2.474784562101553162e-02
2.635238398703134907e-02
2.946412686897554797e-02
3.165554133931953312e-02
3.250606083752933390e-02
3.697252288582130592e-02
4.304631396868251192e-02
3.593549411796037596e-02
4.177224881478019958e-02
3.657483551753665241e-02
4.282469194079160241e-02
4.107757360623719850e-02
3.795847666840783396e-02
3.078141207081849101e-02
2.629836343489404954e-02
2.163613427493533622e-02
2.772099459437467328e-02
3.352010173129626319e-02
3.083827723496371243e-02
3.557003702638436571e-02
2.376754008310948130e-02
3.285473128610266746e-02
3.295213398477889188e-02
3.058889938523419449e-02
2.280109745428375578e-02
3.360088080689420387e-02
0.000000000000000000e+00
0.000000000000000000e+00
0.000000000000000000e+00
0.000000000000000000e+00
0.000000000000000000e+00
0.000000000000000000e+00
0.000000000000000000e+00
0.000000000000000000e+00
0.000000000000000000e+00
0.000000000000000000e+00
0.000000000000000000e+00
0.000000000000000000e+00
0.000000000000000000e+00
0.000000000000000000e+00
0.000000000000000000e+00
0.000000000000000000e+00
0.000000000000000000e+00
0.000000000000000000e+00
0.000000000000000000e+00
0.000000000000000000e+00
0.000000000000000000e+00
0.000000000000000000e+00
0.000000000000000000e+00
0.000000000000000000e+00
0.000000000000000000e+00
0.000000000000000000e+00
0.000000000000000000e+00
0.000000000000000000e+00
0.000000000000000000e+00
0.000000000000000000e+00
0.000000000000000000e+00
0.000000000000000000e+00
0.000000000000000000e+00
0.000000000000000000e+00
0.000000000000000000e+00
0.000000000000000000e+00
0.000000000000000000e+00
0.000000000000000000e+00
0.000000000000000000e+00
0.000000000000000000e+00
0.000000000000000000e+00
