6.993929312307142210e-01
5.032016180427109076e-01
5.793282911174683081e-01
5.716866902273131101e-01
5.831991811490909727e-01
5.878682247706509267e-01
5.966074425613628884e-01
6.086548075262849800e-01
6.087873268799680604e-01
6.242686909303141185e-01
6.318025786066170379e-01
6.340216476917696076e-01
6.369399786285708798e-01
6.358221222175560738e-01
6.387646569871873181e-01
6.429513237891805177e-01
6.420587661614738373e-01
6.387421629819989288e-01
6.385014852634782745e-01
6.472024970503338359e-01
6.490308666574434726e-01
6.521908280105553901e-01
6.659499674842306316e-01
6.615041901945570846e-01
6.631781302939030454e-01
6.613109627773378074e-01
6.677934394051141531e-01
6.640863680354074372e-01
6.644076715461584293e-01
6.638375483281885314e-01
6.677555440170255263e-01
6.682360075248579001e-01
6.791619372779074126e-01
6.712021152748771646e-01
6.655454271541665356e-01
6.744930813674977488e-01
6.789289323091636241e-01
6.794659848693510584e-01
6.759241644047644382e-01
6.783621570380257149e-01
6.836639908228169249e-01
6.794725227435540749e-01
6.809248937408280966e-01
6.840672861331065224e-01
6.878300688605830659e-01
6.868644274226914925e-01
6.845641724917402859e-01
6.980250624718009611e-01
7.018926247574813759e-01
6.988461862099891730e-01
7.002618753728414580e-01
6.953701195727423068e-01
6.925078320241639940e-01
6.930637494823268518e-01
6.954853318561934339e-01
7.023555356992483567e-01
7.056582745294076586e-01
6.995699366648212569e-01
6.918593238766574949e-01
6.935165305673411940e-01
7.009620690338684845e-01
7.023521802874034270e-01
7.125371318432913714e-01
7.142058987526700431e-01
7.043945606123921399e-01
7.028848707107551164e-01
6.950838156493606146e-01
6.885544204065331408e-01
7.201222776850224605e-01
6.886422094283213280e-01
7.176664728628748824e-01
7.072740916843582859e-01
7.126841312814244933e-01
7.296898852980910899e-01
6.969139183570147722e-01
7.143345867840221741e-01
7.434761622612620080e-01
7.271380498839683515e-01
7.486206282205892792e-01
6.847097257429585193e-01
7.243629005552314482e-01
7.049412606899713163e-01
6.607484266488695690e-01
6.640994837709238707e-01
7.189282441322234485e-01
7.080154238324805061e-01
7.560924201208051310e-01
0.000000000000000000e+00
0.000000000000000000e+00
0.000000000000000000e+00
0.000000000000000000e+00
0.000000000000000000e+00
0.000000000000000000e+00
0.000000000000000000e+00
0.000000000000000000e+00
0.000000000000000000e+00
0.000000000000000000e+00
0.000000000000000000e+00
0.000000000000000000e+00
0.000000000000000000e+00
0.000000000000000000e+00
0.000000000000000000e+00
0.000000000000000000e+00
0.000000000000000000e+00
0.000000000000000000e+00
0.000000000000000000e+00
0.000000000000000000e+00
0.000000000000000000e+00
0.000000000000000000e+00
0.000000000000000000e+00
0.000000000000000000e+00
0.000000000000000000e+00
0.000000000000000000e+00
0.000000000000000000e+00
0.000000000000000000e+00
0.000000000000000000e+00
0.000000000000000000e+00
0.000000000000000000e+00
0.000000000000000000e+00
0.000000000000000000e+00
0.000000000000000000e+00
0.000000000000000000e+00
0.000000000000000000e+00
0.000000000000000000e+00
0.000000000000000000e+00
0.000000000000000000e+00
0.000000000000000000e+00
0.000000000000000000e+00
