5.754353666912319643e-01
6.454552987910849859e-01
6.708133595215814982e-01
6.677445208025803991e-01
6.637066650749835484e-01
6.623927737009541739e-01
6.633614934031220045e-01
6.661569173136678845e-01
6.655945102849472050e-01
6.697464171862979043e-01
6.775535509258365785e-01
6.839707494452630376e-01
6.913581629342867574e-01
6.949279179962102315e-01
6.987636481158048252e-01
7.036700309666146236e-01
7.047592156273336794e-01
7.092043645248380379e-01
7.137561564942738190e-01
7.211424447034253671e-01
7.230421988699884395e-01
7.212043966740526724e-01
7.268348117386086438e-01
7.286092280898999185e-01
7.294614621332367044e-01
7.308450722907797736e-01
7.388754986225415378e-01
7.430125176869943893e-01
7.455279875051331606e-01
7.464675347595542965e-01
7.473168578859661348e-01
7.463199691930058055e-01
7.520770645126235721e-01
7.504938307661871422e-01
7.479622936740548678e-01
7.516935176718763101e-01
7.512120034887909137e-01
7.504592108790166805e-01
7.506963746562593798e-01
7.499346609691361909e-01
7.593180583718637244e-01
7.544117903647339363e-01
7.552599260608707787e-01
7.612957661096682038e-01
7.537960172501849687e-01
7.559046721870104069e-01
7.521903966331729974e-01
7.523108593660379206e-01
7.621441414143199644e-01
7.640092780427176766e-01
7.708329769645174689e-01
7.814137703442664007e-01
7.822421399350535376e-01
7.856421801312509778e-01
7.779310790111325646e-01
7.830902764546924244e-01
7.812405117571916691e-01
7.697894076088716009e-01
7.726885034530851515e-01
7.814480384230685361e-01
7.911818280883669008e-01
7.733402944139740054e-01
7.889934354448711051e-01
7.936617324215905489e-01
8.033441975234163479e-01
7.841748321348868123e-01
7.859515077172772868e-01
7.478362567652735438e-01
7.466392952481424317e-01
7.648512042261377264e-01
7.456813062301297368e-01
7.080130700994788917e-01
7.253451130107645417e-01
7.599771524424689950e-01
7.577622446134967271e-01
7.680422367079831059e-01
7.264819911016870968e-01
7.288351487970030629e-01
7.640561892638161323e-01
7.292855647072238323e-01
7.126468335321376468e-01
8.077998793744547434e-01
7.344294796037985629e-01
7.405556741957974864e-01
7.415871475346174080e-01
7.935479222593564419e-01
7.373381049460785430e-01
0.000000000000000000e+00
0.000000000000000000e+00
0.000000000000000000e+00
0.000000000000000000e+00
0.000000000000000000e+00
0.000000000000000000e+00
0.000000000000000000e+00
0.000000000000000000e+00
0.000000000000000000e+00
0.000000000000000000e+00
0.000000000000000000e+00
0.000000000000000000e+00
0.000000000000000000e+00
0.000000000000000000e+00
0.000000000000000000e+00
0.000000000000000000e+00
0.000000000000000000e+00
0.000000000000000000e+00
0.000000000000000000e+00
0.000000000000000000e+00
0.000000000000000000e+00
0.000000000000000000e+00
0.000000000000000000e+00
0.000000000000000000e+00
0.000000000000000000e+00
0.000000000000000000e+00
0.000000000000000000e+00
0.000000000000000000e+00
0.000000000000000000e+00
0.000000000000000000e+00
0.000000000000000000e+00
0.000000000000000000e+00
0.000000000000000000e+00
0.000000000000000000e+00
0.000000000000000000e+00
0.000000000000000000e+00
0.000000000000000000e+00
0.000000000000000000e+00
0.000000000000000000e+00
0.000000000000000000e+00
0.000000000000000000e+00
