5.123778066053272795e-01
5.019655464710272019e-01
5.227173743256400273e-01
5.224539066920496078e-01
5.203155964495753683e-01
5.154733081415776574e-01
5.148237044576711163e-01
5.177194864846814681e-01
5.204722267937302860e-01
5.246774223412421501e-01
5.297083876892944021e-01
5.289605224524178695e-01
5.364463657433206079e-01
5.371845361095028970e-01
5.407240992122133161e-01
5.498797846028998793e-01
5.526024972951385505e-01
5.508740452542683075e-01
5.484034617833422054e-01
5.470704500822181071e-01
5.402701375519047833e-01
5.398834756171775329e-01
5.401972345007201026e-01
5.454372484203914295e-01
5.576436256837560279e-01
5.558843801780273264e-01
5.591995559695526197e-01
5.594409890697769061e-01
5.593340145800704821e-01
5.625997456713934808e-01
5.704727091929430172e-01
5.851931828359144827e-01
5.877535901435613219e-01
5.902179792531964120e-01
5.855657197451984430e-01
5.789315347940984235e-01
5.809317856471042374e-01
5.758800764664417926e-01
5.786942075473906488e-01
5.919453449553212510e-01
5.992196416381863067e-01
6.130615383446818001e-01
6.134929493974280446e-01
6.077988707423650494e-01
6.039414343223665771e-01
6.074621036927817519e-01
6.044945965164788548e-01
6.063045176135006820e-01
6.077967141405956619e-01
6.073934582290182460e-01
6.071376587117599533e-01
6.042223012123720816e-01
6.004517989085025320e-01
6.055546904566256883e-01
6.077239171573929344e-01
6.109875778891773468e-01
6.203769543165524869e-01
6.198536184641313396e-01
6.171664165882680964e-01
6.172626568387371560e-01
6.030653627080909684e-01
6.052258188956471940e-01
6.084744094635274880e-01
6.213406238160399386e-01
6.143116637575094519e-01
6.099725544231247021e-01
6.164348218256378020e-01
6.107702201785756291e-01
5.851652229176230735e-01
6.149599342983269601e-01
6.021673036350759789e-01
6.232920877986554142e-01
6.306501121506333796e-01
5.990994395790526506e-01
6.255558418706673729e-01
6.103579210530296617e-01
6.560734915920114485e-01
6.394218460633147583e-01
6.540672035176964272e-01
6.518611336256678879e-01
6.546446900085105547e-01
6.648341202244050230e-01
6.494791339520743501e-01
6.504166202857900592e-01
6.801599932652654390e-01
6.693077825836358796e-01
6.986999000706259899e-01
0.000000000000000000e+00
0.000000000000000000e+00
0.000000000000000000e+00
0.000000000000000000e+00
0.000000000000000000e+00
0.000000000000000000e+00
0.000000000000000000e+00
0.000000000000000000e+00
0.000000000000000000e+00
0.000000000000000000e+00
0.000000000000000000e+00
0.000000000000000000e+00
0.000000000000000000e+00
0.000000000000000000e+00
0.000000000000000000e+00
0.000000000000000000e+00
0.000000000000000000e+00
0.000000000000000000e+00
0.000000000000000000e+00
0.000000000000000000e+00
0.000000000000000000e+00
0.000000000000000000e+00
0.000000000000000000e+00
0.000000000000000000e+00
0.000000000000000000e+00
0.000000000000000000e+00
0.000000000000000000e+00
0.000000000000000000e+00
0.000000000000000000e+00
0.000000000000000000e+00
0.000000000000000000e+00
0.000000000000000000e+00
0.000000000000000000e+00
0.000000000000000000e+00
0.000000000000000000e+00
0.000000000000000000e+00
0.000000000000000000e+00
0.000000000000000000e+00
0.000000000000000000e+00
0.000000000000000000e+00
0.000000000000000000e+00
