4.181086692588334985e-01
6.925292151181382527e-01
7.497625962835028357e-01
7.249963192044786009e-01
7.253036627829383409e-01
7.165111435019284603e-01
7.200841239253302772e-01
7.132690477327272571e-01
7.277795501901573871e-01
7.282829492315717745e-01
7.232603768781604714e-01
7.285438976484014395e-01
7.234529225965635746e-01
7.159056632521230146e-01
7.239082326471495410e-01
7.276933030837052785e-01
7.323752470706610396e-01
7.321785044720688918e-01
7.295701639787262049e-01
7.302633579621768956e-01
7.286294286508901985e-01
7.270403087194480252e-01
7.284614357461443035e-01
7.309652747277727292e-01
7.325365827404048957e-01
7.358931588074285601e-01
7.325554701339038743e-01
7.274527674276787259e-01
7.248572868835798655e-01
7.218438258804291685e-01
7.259199938248147577e-01
7.235787097067898355e-01
7.213818002216876302e-01
7.232606411754967102e-01
7.261955984933962105e-01
7.258079025327177636e-01
7.243076776225259028e-01
7.250057029615759596e-01
7.241613984168056017e-01
7.297739649369979764e-01
7.345119115715398328e-01
7.310567973921255902e-01
7.278962006646660932e-01
7.229975848254092119e-01
7.201001016261359133e-01
7.156394570253380438e-01
7.218102152620766709e-01
7.240266682843606860e-01
7.342158087988647219e-01
7.274640293501362098e-01
7.381436205391432859e-01
7.334243239608555509e-01
7.326076288064228281e-01
7.364551411908139000e-01
7.421389213759372883e-01
7.362784322532736070e-01
7.389319214729924701e-01
7.359384727749934685e-01
7.373510994190412005e-01
7.319902819974969388e-01
7.266972961025638389e-01
7.275889484563587972e-01
7.379963023847585513e-01
7.317856397748859765e-01
7.497646929383963155e-01
7.589654125452903743e-01
7.487496233934258782e-01
7.412638098201665970e-01
7.491091722329327185e-01
7.277490203524593637e-01
7.777018121974811349e-01
7.307395144436434897e-01
7.550197552905216769e-01
7.772265326161904575e-01
7.022661613424959759e-01
7.569973107258516354e-01
7.639936392913906360e-01
7.643963921293528418e-01
7.721975370768866531e-01
7.981516752107548074e-01
7.984781661794492225e-01
7.488048068666173229e-01
7.635316991521559071e-01
7.609918141498390742e-01
7.407920205623431675e-01
7.551127590981435711e-01
6.970038809954662851e-01
0.000000000000000000e+00
0.000000000000000000e+00
0.000000000000000000e+00
0.000000000000000000e+00
0.000000000000000000e+00
0.000000000000000000e+00
0.000000000000000000e+00
0.000000000000000000e+00
0.000000000000000000e+00
0.000000000000000000e+00
0.000000000000000000e+00
0.000000000000000000e+00
0.000000000000000000e+00
0.000000000000000000e+00
0.000000000000000000e+00
0.000000000000000000e+00
0.000000000000000000e+00
0.000000000000000000e+00
0.000000000000000000e+00
0.000000000000000000e+00
0.000000000000000000e+00
0.000000000000000000e+00
0.000000000000000000e+00
0.000000000000000000e+00
0.000000000000000000e+00
0.000000000000000000e+00
0.000000000000000000e+00
0.000000000000000000e+00
0.000000000000000000e+00
0.000000000000000000e+00
0.000000000000000000e+00
0.000000000000000000e+00
0.000000000000000000e+00
0.000000000000000000e+00
0.000000000000000000e+00
0.000000000000000000e+00
0.000000000000000000e+00
0.000000000000000000e+00
0.000000000000000000e+00
0.000000000000000000e+00
0.000000000000000000e+00
