1.218442284427329464e-01
5.406045471551673698e-02
5.831098918596341885e-02
5.948975004758057239e-02
6.253777720330790102e-02
6.278954788889035132e-02
6.116585377725684142e-02
6.009433912366304170e-02
5.934615153931334375e-02
5.989230939640581564e-02
5.812411722651131957e-02
5.926833079103364238e-02
5.806064420073580451e-02
5.901205047134533421e-02
5.747320229871677455e-02
5.684212889334051139e-02
5.622445962170941058e-02
5.677743117329968336e-02
5.852905912093523538e-02
5.710175599867382823e-02
5.738477929785728432e-02
5.754709827279189810e-02
5.732267836137089345e-02
5.130923418927076096e-02
4.878647604490234102e-02
4.701031803113519397e-02
4.551913818012830182e-02
4.433048880016166732e-02
4.668780653519129242e-02
4.838857606307634535e-02
5.046322982350714276e-02
4.924466083585223725e-02
4.769104721108655826e-02
4.604247942913729935e-02
4.755630615695547597e-02
4.920945830090837220e-02
5.147274900993863145e-02
4.979132450462022547e-02
4.938535704628940759e-02
4.708351865803307723e-02
4.633464568236038417e-02
4.930902021840475463e-02
5.032970259944529595e-02
5.020829515440007607e-02
5.341964964345021633e-02
5.346018101118493737e-02
5.359459507906620679e-02
5.385506805526216190e-02
5.350273634524903982e-02
5.448344892128667571e-02
5.168009316197437475e-02
5.306696896047186085e-02
5.025153284316609403e-02
4.826612241501144346e-02
4.462816628915047823e-02
4.319600374457303188e-02
4.422712913930035294e-02
4.275888191392921561e-02
4.334115619463939362e-02
4.462368609794908209e-02
4.292289305081330858e-02
4.455588597858830407e-02
3.630282656944010256e-02
3.831489344853376833e-02
3.390807309571926276e-02
3.189697624097181244e-02
3.914579084483942734e-02
3.486814688025048625e-02
3.484604888885822760e-02
3.444239924029456057e-02
2.933127916298016238e-02
4.074706453612420703e-02
3.683491694305450481e-02
3.316065736182479545e-02
4.746336775877162129e-02
4.043284766106586270e-02
3.239283148496194253e-02
3.669139955427234978e-02
1.014261239992042540e-02
3.329355216583037430e-02
7.151113697782207623e-03
2.427217747625823319e-02
2.687009915561948403e-02
2.870228114843711292e-02
1.825319389956693919e-02
2.207189660041518342e-02
2.764428490984108255e-02
0.000000000000000000e+00
0.000000000000000000e+00
0.000000000000000000e+00
0.000000000000000000e+00
0.000000000000000000e+00
0.000000000000000000e+00
0.000000000000000000e+00
0.000000000000000000e+00
0.000000000000000000e+00
0.000000000000000000e+00
0.000000000000000000e+00
0.000000000000000000e+00
0.000000000000000000e+00
0.000000000000000000e+00
0.000000000000000000e+00
0.000000000000000000e+00
0.000000000000000000e+00
0.000000000000000000e+00
0.000000000000000000e+00
0.000000000000000000e+00
0.000000000000000000e+00
0.000000000000000000e+00
0.000000000000000000e+00
0.000000000000000000e+00
0.000000000000000000e+00
0.000000000000000000e+00
0.000000000000000000e+00
0.000000000000000000e+00
0.000000000000000000e+00
0.000000000000000000e+00
0.000000000000000000e+00
0.000000000000000000e+00
0.000000000000000000e+00
0.000000000000000000e+00
0.000000000000000000e+00
0.000000000000000000e+00
0.000000000000000000e+00
0.000000000000000000e+00
0.000000000000000000e+00
0.000000000000000000e+00
0.000000000000000000e+00
