-8.793036630939268794e-02
5.625105603069111698e-02
5.211639683796769063e-02
4.695402691269612294e-02
4.577345137949483805e-02
4.681966231143264850e-02
4.786259990908407064e-02
4.556790148794615664e-02
4.962839683864020413e-02
4.976426019907865400e-02
4.911397960400258611e-02
5.058418934533989025e-02
5.481047865858776347e-02
5.125847947569542318e-02
5.154966484745431010e-02
5.188664125141393552e-02
5.183838889056285870e-02
5.075867249816212040e-02
5.183933149402883411e-02
5.671544994353477226e-02
5.681982936938008433e-02
5.103874159121338933e-02
5.147700980668112880e-02
5.263582103349975089e-02
5.640177146415955439e-02
5.493458396102791214e-02
5.292079921082853966e-02
5.595678738713850964e-02
5.825678441131559165e-02
5.547804158530299234e-02
5.396164637979205397e-02
5.461744708782782787e-02
5.299866806531632751e-02
5.098785333988330171e-02
4.906311611537426259e-02
5.099842906829269579e-02
5.098510132073982848e-02
5.017797883234757089e-02
4.729474969329582751e-02
5.012893854783746772e-02
4.950451841806641218e-02
4.598603475501940319e-02
4.740020759005798140e-02
4.867347153822358663e-02
5.026132710554175043e-02
4.728523975673003948e-02
4.531375500771665094e-02
4.612566062799094979e-02
4.127063515905118191e-02
4.463373885558830773e-02
4.764373825121671208e-02
4.748448079167608138e-02
4.646215217974885431e-02
4.640639062676337606e-02
5.222973766348092822e-02
5.276318703578860431e-02
5.176482517171460823e-02
5.621224181477776916e-02
5.708145804333081968e-02
5.660069486422445589e-02
5.852296191819024440e-02
5.978801963968464334e-02
6.267406049654780653e-02
5.778137649634634831e-02
6.215768811263649996e-02
5.889222558936594437e-02
5.203317026462750405e-02
5.388286253481288507e-02
5.376182296177027531e-02
6.033622742506143666e-02
6.114322613131015910e-02
5.658243037511945239e-02
6.605064256732882944e-02
5.883719678853393392e-02
5.710259483969574307e-02
6.080540700704265000e-02
6.183908489236725203e-02
5.689517336366850531e-02
7.129099476285727377e-02
5.721179031231350687e-02
6.925526202563492273e-02
6.751291835723299828e-02
6.418002713042762764e-02
6.229396382789473274e-02
6.398335466538637717e-02
5.837053486290517262e-02
6.122997624212474232e-02
0.000000000000000000e+00
0.000000000000000000e+00
0.000000000000000000e+00
0.000000000000000000e+00
0.000000000000000000e+00
0.000000000000000000e+00
0.000000000000000000e+00
0.000000000000000000e+00
0.000000000000000000e+00
0.000000000000000000e+00
0.000000000000000000e+00
0.000000000000000000e+00
0.000000000000000000e+00
0.000000000000000000e+00
0.000000000000000000e+00
0.000000000000000000e+00
0.000000000000000000e+00
0.000000000000000000e+00
0.000000000000000000e+00
0.000000000000000000e+00
0.000000000000000000e+00
0.000000000000000000e+00
0.000000000000000000e+00
0.000000000000000000e+00
0.000000000000000000e+00
0.000000000000000000e+00
0.000000000000000000e+00
0.000000000000000000e+00
0.000000000000000000e+00
0.000000000000000000e+00
0.000000000000000000e+00
0.000000000000000000e+00
0.000000000000000000e+00
0.000000000000000000e+00
0.000000000000000000e+00
0.000000000000000000e+00
0.000000000000000000e+00
0.000000000000000000e+00
0.000000000000000000e+00
0.000000000000000000e+00
0.000000000000000000e+00
