-7.842090129852294922e-01
8.486839532852172852e-01
-3.944095075130462646e-01
-5.538260340690612793e-01
4.713228642940521240e-01
-2.354761958122253418e-01
4.934385120868682861e-01
5.381102561950683594e-01
-3.869486749172210693e-01
-1.362615942955017090e+00
-8.994407206773757935e-02
1.031475424766540527e+00
-1.449155062437057495e-01
1.624092459678649902e-01
7.987861037254333496e-01
-1.843733042478561401e-01
1.393746584653854370e-01
5.717636346817016602e-01
1.187710046768188477e+00
6.445571780204772949e-01
-8.848854303359985352e-01
-9.129483699798583984e-01
2.698587179183959961e-01
8.542255312204360962e-02
-1.218108415603637695e+00
-4.773218333721160889e-01
-4.849503338336944580e-01
-7.399312257766723633e-01
-2.673772573471069336e-01
3.091138005256652832e-01
-9.570864439010620117e-01
-9.215198755264282227e-01
-8.420142531394958496e-01
4.094356298446655273e-02
-1.051065087318420410e+00
4.873019158840179443e-01
8.788204938173294067e-02
-2.277143895626068115e-01
2.504781447350978851e-02
-5.642169117927551270e-01
6.875143647193908691e-01
-9.403704106807708740e-02
-3.213992118835449219e-01
3.250238895416259766e-01
-8.392651677131652832e-01
3.762095272541046143e-01
1.141261905431747437e-01
4.313335567712783813e-02
-3.574000597000122070e-01
1.115537285804748535e-01
3.870521485805511475e-01
-8.919375538825988770e-01
3.927299976348876953e-01
-4.313160777091979980e-01
7.138280272483825684e-01
5.762545019388198853e-02
8.542418479919433594e-01
9.524756669998168945e-02
1.150889992713928223e-01
8.211369812488555908e-02
-4.248070120811462402e-01
7.210713624954223633e-01
-1.076033338904380798e-02
7.856439054012298584e-02
3.542329370975494385e-01
-6.270943880081176758e-01
2.706781029701232910e-01
3.447455465793609619e-01
-3.416419923305511475e-01
2.185459136962890625e-01
2.828524410724639893e-01
-1.455140300095081329e-03
8.158557415008544922e-01
-2.819854021072387695e+00
1.179369017481803894e-01
-1.427962183952331543e+00
7.254415750503540039e-01
4.122449755668640137e-01
-3.890215158462524414e-01
-3.160931468009948730e-01
-1.203278452157974243e-02
-5.232029557228088379e-01
8.255658149719238281e-01
1.005355477333068848e+00
9.223716855049133301e-01
-7.575922012329101562e-01
-5.838068723678588867e-01
1.024993181228637695e+00
-1.775295287370681763e-01
-5.241707563400268555e-01
2.690211832523345947e-01
-2.739677131175994873e-01
-9.470700025558471680e-01
6.708987355232238770e-01
2.857345938682556152e-01
-4.139591455459594727e-01
1.534400135278701782e-01
6.176137924194335938e-02
5.556815862655639648e-02
1.452266812324523926e+00
-2.033691294491291046e-02
5.263746976852416992e-01
5.510751605033874512e-01
1.256542921066284180e+00
1.450587630271911621e+00
7.652817964553833008e-01
6.128169596195220947e-02
3.975321054458618164e-01
4.481023550033569336e-01
-4.125657677650451660e-01
3.000999093055725098e-01
7.528713345527648926e-01
-2.788603603839874268e-01
-1.902440339326858521e-01
2.012628167867660522e-01
1.027154475450515747e-01
-3.113799691200256348e-01
-2.228995710611343384e-01
-2.027566879987716675e-01
-1.296992003917694092e-01
-3.910395205020904541e-01
-6.421902775764465332e-01
-1.723476350307464600e-01
-1.039993882179260254e+00
-5.880085825920104980e-01
-3.955572471022605896e-02
-3.369790911674499512e-01
2.172266542911529541e-01
