-5.094614028930664062e-01
3.749729990959167480e-01
7.486227750778198242e-01
-2.120082527399063110e-01
1.886621415615081787e-01
-5.869216099381446838e-02
7.673283815383911133e-01
1.356091946363449097e-01
-1.205989599227905273e+00
-3.198198676109313965e-01
6.800628304481506348e-01
5.029149651527404785e-01
-1.221124529838562012e-01
-7.601013183593750000e-01
4.133697152137756348e-01
-8.162751793861389160e-02
-2.406721614534035325e-04
1.974901109933853149e-01
-4.661759436130523682e-01
-1.894236952066421509e-01
3.872005641460418701e-01
1.773131638765335083e-01
6.812055706977844238e-01
1.694603264331817627e-01
5.215883255004882812e-01
-6.535110473632812500e-01
1.542057991027832031e-01
5.767719745635986328e-01
2.293979078531265259e-01
-3.069857060909271240e-01
-9.119539856910705566e-01
-6.208755373954772949e-01
-7.887402772903442383e-01
-2.108059823513031006e-01
1.539875268936157227e-01
3.470265120267868042e-02
7.923114895820617676e-01
-8.962040394544601440e-02
-1.394419431686401367e+00
-3.103099465370178223e-01
5.286291241645812988e-01
-4.112171754240989685e-02
-4.051189124584197998e-01
8.012814074754714966e-02
5.646871924400329590e-01
-4.885532855987548828e-01
1.316750496625900269e-01
-2.454294115304946899e-01
5.749467611312866211e-01
9.578667283058166504e-01
-6.388288140296936035e-01
9.325774312019348145e-01
7.311105132102966309e-01
1.128118857741355896e-01
4.137656837701797485e-02
-3.160989582538604736e-01
-5.749293565750122070e-01
-3.932070434093475342e-01
4.088312983512878418e-01
2.406959384679794312e-01
6.766868829727172852e-01
-1.160868167877197266e+00
-8.565543889999389648e-01
-4.523600041866302490e-01
-1.831693761050701141e-02
3.242684304714202881e-01
-2.273642271757125854e-01
1.776249885559082031e+00
5.100664496421813965e-01
-4.733829428005265072e-06
-3.315342068672180176e-01
-2.140562534332275391e-01
-7.697725296020507812e-01
5.701485276222229004e-01
6.082237139344215393e-02
-1.071265190839767456e-01
7.375190258026123047e-01
-3.984291553497314453e-01
1.134402513504028320e+00
4.768077731132507324e-01
-9.744000434875488281e-02
-6.813347935676574707e-01
-7.397165149450302124e-02
3.472712635993957520e-01
1.264276146888732910e+00
-9.031607508659362793e-01
-7.769869565963745117e-01
7.470906525850296021e-02
5.799313187599182129e-01
-1.413295388221740723e+00
8.257141113281250000e-01
5.311641693115234375e-01
-5.779404044151306152e-01
1.086654901504516602e+00
4.071174860000610352e-01
1.770626902580261230e-01
6.496455073356628418e-01
-1.174892410635948181e-01
8.058648109436035156e-01
-2.225306630134582520e-01
-1.004099726676940918e+00
1.432316750288009644e-01
5.981335043907165527e-01
-5.439975261688232422e-01
7.374716997146606445e-01
-8.156415820121765137e-01
-1.522221326828002930e+00
9.241856336593627930e-01
4.291291832923889160e-01
-2.694205343723297119e-01
2.809635698795318604e-01
1.007724523544311523e+00
1.697532057762145996e+00
4.876458048820495605e-01
-1.107518151402473450e-01
3.722952902317047119e-01
-5.335108935832977295e-02
-2.462875396013259888e-01
8.814273029565811157e-02
-7.197858691215515137e-01
4.369658529758453369e-01
4.696250259876251221e-01
4.205516576766967773e-01
-7.621789574623107910e-01
-1.073470234870910645e+00
3.176705241203308105e-01
-2.559076547622680664e-01
1.232768177986145020e+00
