6.547868847846984863e-01
7.630398273468017578e-01
1.245024800300598145e+00
1.569144010543823242e+00
1.088544130325317383e+00
9.631456136703491211e-01
1.139097929000854492e+00
1.037713766098022461e+00
1.143074274063110352e+00
8.628980517387390137e-01
7.236915230751037598e-01
1.577191472053527832e+00
9.428203105926513672e-01
1.274509191513061523e+00
1.227368593215942383e+00
9.446734786033630371e-01
7.755117416381835938e-01
6.345948576927185059e-01
1.217543840408325195e+00
8.215525150299072266e-01
1.173244237899780273e+00
4.657399058341979980e-01
9.896700978279113770e-01
9.652688503265380859e-01
7.621688842773437500e-01
1.154387354850769043e+00
1.186319231986999512e+00
6.729134321212768555e-01
1.330967068672180176e+00
6.564750075340270996e-01
7.433146834373474121e-01
8.871954679489135742e-01
1.318014740943908691e+00
1.212799787521362305e+00
1.250767350196838379e+00
8.564761877059936523e-01
1.152677416801452637e+00
1.069230675697326660e+00
9.868440628051757812e-01
9.228373169898986816e-01
1.026305794715881348e+00
7.251087427139282227e-01
7.676445841789245605e-01
1.135043501853942871e+00
7.078542113304138184e-01
1.225619912147521973e+00
8.765445947647094727e-01
6.687228083610534668e-01
1.475040078163146973e+00
8.159467577934265137e-01
7.874189019203186035e-01
9.892746806144714355e-01
1.416940689086914062e+00
1.387411952018737793e+00
1.036226153373718262e+00
9.191641211509704590e-01
4.927068352699279785e-01
9.384950995445251465e-01
5.816976428031921387e-01
8.744327425956726074e-01
1.178927898406982422e+00
9.838421344757080078e-01
5.607535839080810547e-01
8.333600163459777832e-01
1.153064370155334473e+00
8.061667680740356445e-01
1.074651360511779785e+00
6.729945540428161621e-01
1.020240306854248047e+00
7.055164575576782227e-01
1.270583033561706543e+00
1.192420482635498047e+00
1.205335497856140137e+00
1.269684076309204102e+00
1.194978117942810059e+00
1.103840351104736328e+00
1.049542069435119629e+00
6.182708740234375000e-01
8.220015764236450195e-01
7.599195241928100586e-01
7.546094655990600586e-01
7.450440526008605957e-01
7.976894974708557129e-01
1.114116072654724121e+00
9.206131100654602051e-01
1.116096735000610352e+00
8.045979738235473633e-01
5.837359428405761719e-01
1.130185246467590332e+00
1.060898303985595703e+00
1.216135263442993164e+00
9.690125584602355957e-01
1.130779147148132324e+00
8.375353217124938965e-01
1.016854882240295410e+00
1.041347861289978027e+00
9.075907468795776367e-01
7.177780270576477051e-01
9.319636821746826172e-01
1.164461731910705566e+00
8.927708864212036133e-01
1.129428505897521973e+00
1.181481122970581055e+00
1.098397850990295410e+00
9.243184924125671387e-01
1.049702644348144531e+00
8.972480297088623047e-01
5.452012419700622559e-01
7.178757190704345703e-01
8.677012920379638672e-01
1.120537161827087402e+00
5.995424985885620117e-01
8.330494761466979980e-01
5.685893893241882324e-01
7.912104129791259766e-01
8.574573397636413574e-01
9.083808064460754395e-01
9.292861223220825195e-01
7.284232378005981445e-01
8.894651532173156738e-01
6.313059926033020020e-01
9.270206689834594727e-01
7.350683808326721191e-01
9.866250753402709961e-01
1.070110321044921875e+00
9.598921537399291992e-01
8.070002794265747070e-01
4.814690947532653809e-01
