-1.592261910438537598e+00
1.094530701637268066e+00
7.752330303192138672e-01
-3.013812750577926636e-02
5.213140845298767090e-01
-5.719040036201477051e-01
6.670268177986145020e-01
2.000408023595809937e-01
-2.623594760894775391e+00
5.757049322128295898e-01
-3.074511289596557617e-01
3.263432383537292480e-01
3.748715668916702271e-02
-1.118151307106018066e+00
4.360203742980957031e-01
-1.328614205121994019e-01
5.067304968833923340e-01
5.132543444633483887e-01
-5.971016287803649902e-01
6.702157855033874512e-01
-3.420136868953704834e-01
-1.216221213340759277e+00
-9.348746389150619507e-02
9.209226965904235840e-01
4.252501726150512695e-01
-6.133434772491455078e-01
-6.224902346730232239e-02
3.200791478157043457e-01
1.961178630590438843e-01
-2.915908992290496826e-01
-1.444733858108520508e+00
-1.264313608407974243e-01
-1.335768342018127441e+00
2.773264050483703613e-02
-8.925354480743408203e-01
-8.658848702907562256e-02
1.742491960525512695e+00
-1.010868549346923828e+00
-4.668300151824951172e-01
5.282769724726676941e-02
1.163846373558044434e+00
-4.054997265338897705e-01
-4.862578213214874268e-01
1.147022768855094910e-01
1.161206811666488647e-01
8.666443228721618652e-01
2.431223243474960327e-01
-5.038079619407653809e-01
6.735607385635375977e-01
8.653774857521057129e-01
-1.169343471527099609e+00
8.701971173286437988e-01
6.122688651084899902e-01
-1.575253754854202271e-01
1.086532950401306152e+00
-7.125282883644104004e-01
-3.594862222671508789e-01
-2.015390247106552124e-01
2.496092319488525391e-01
-6.089864969253540039e-01
5.480527877807617188e-01
-1.198371529579162598e+00
-1.082447171211242676e+00
2.186808884143829346e-01
-3.300588130950927734e-01
-1.002474278211593628e-01
7.913739085197448730e-01
1.949023842811584473e+00
7.297912240028381348e-01
9.573432803153991699e-01
6.013786792755126953e-01
4.691419657319784164e-03
-5.223055481910705566e-01
-2.455465942621231079e-01
-5.716723948717117310e-02
-7.343556284904479980e-01
1.344918608665466309e-01
-1.020586967468261719e+00
1.891996622085571289e+00
1.587484925985336304e-01
4.297533929347991943e-01
-9.215000271797180176e-01
-1.195376887917518616e-01
3.258215487003326416e-01
1.842207670211791992e+00
-1.847225308418273926e+00
-5.543344020843505859e-01
7.501538395881652832e-01
3.764091730117797852e-01
-2.166212320327758789e+00
2.999351620674133301e-01
1.463310956954956055e+00
-2.334805279970169067e-01
2.803475037217140198e-02
8.676660656929016113e-01
-2.550159394741058350e-01
5.816994905471801758e-01
-1.629568338394165039e-01
9.647784829139709473e-01
-2.880767732858657837e-02
-8.967670798301696777e-01
4.744561314582824707e-01
5.971942543983459473e-01
-6.004514098167419434e-01
8.851223587989807129e-01
-5.265356600284576416e-02
-1.753631353378295898e+00
1.000249385833740234e+00
1.572459101676940918e+00
-6.248701214790344238e-01
-2.560116946697235107e-01
1.685416102409362793e+00
1.042125582695007324e+00
7.604358792304992676e-01
-2.218674719333648682e-01
9.227452427148818970e-02
5.200133919715881348e-01
-1.112443685531616211e+00
1.090015888214111328e+00
-5.394848585128784180e-01
-3.168001472949981689e-01
-5.746146440505981445e-01
-6.828292608261108398e-01
-8.507537245750427246e-01
-1.761760830879211426e+00
-1.122404098510742188e+00
5.303750038146972656e-01
1.412859678268432617e+00
