-0.05977437645196915
0.016027403995394707
-0.049735911190509796
0.11102107167243958
0.060674380511045456
0.043163564056158066
-0.027135290205478668
0.08805150538682938
-0.014299435541033745
0.07476802915334702
-0.06980123370885849
-0.06597606837749481
-0.02766469493508339
-0.035839278250932693
-0.025065971538424492
0.10307040065526962
0.10822471231222153
0.05230886489152908
0.07797489315271378
0.02913562022149563
0.06823477149009705
-0.08847979456186295
0.02386302873492241
-0.004802041687071323
0.08469653129577637
-0.09103554487228394
0.0383673831820488
0.019800744950771332
0.046928320080041885
-0.06653310358524323
-0.06035032868385315
-0.02982463501393795
-0.085422083735466
0.01740674115717411
-0.025608330965042114
0.015601780265569687
-0.0013844508212059736
-0.016182128340005875
-0.0805012509226799
0.07191435992717743
0.08772797882556915
-0.06666964292526245
-0.1426163613796234
0.027135148644447327
0.06470894813537598
-0.03672954812645912
-0.12637904286384583
-0.1959582269191742
0.07224027067422867
0.06499958038330078
0.0755731612443924
-0.09200706332921982
0.05180935561656952
0.026844173669815063
0.13316556811332703
0.04435353726148605
-0.03816644847393036
0.03556216508150101
-0.07125067710876465
-0.02475029043853283
-0.07222791761159897
0.05282206833362579
0.015172498300671577
-0.108391672372818
-0.04837988317012787
0.0739104300737381
-0.08307208120822906
0.06372445076704025
0.006106123793870211
-0.009507185779511929
-0.19144673645496368
0.06297411024570465
0.0370243601500988
0.06493769586086273
-0.030857840552926064
0.03174537420272827
0.047961488366127014
0.05301422253251076
0.012904343195259571
0.037013281136751175
-0.03598009794950485
0.04638506472110748
-0.015504407696425915
-0.134181946516037
-0.12371081113815308
-0.10952873528003693
-0.061424851417541504
-0.008106240071356297
0.003546633990481496
0.022178640589118004
0.023215413093566895
-0.07627461850643158
-0.05533723533153534
-0.026599915698170662
-0.0422360934317112
-0.02405378222465515
-0.03748203068971634
-0.07927776873111725
0.0329752154648304
0.111253522336483
-0.016015872359275818
0.025456765666604042
0.011687460355460644
-0.0870826318860054
0.004861435387283564
0.03974247723817825
0.07492105662822723
0.07555007934570312
0.00715941796079278
0.07384517788887024
-0.006110938731580973
0.011750057339668274
0.0511205717921257
0.00556509755551815
0.0058986409567296505
0.06136774644255638
-0.0636274516582489
0.06789038330316544
-0.07417257130146027
-0.061687905341386795
0.06621693819761276
-0.018360529094934464
0.019806768745183945
0.1054057702422142
0.13134977221488953
-0.08330785483121872
-0.018329305574297905
-0.010106280446052551
