0.12081048637628555
-0.009832140989601612
-0.026901908218860626
-0.03764260560274124
-0.05406917259097099
0.0756252184510231
-0.02774994447827339
-0.021326756104826927
-0.08467014878988266
-0.009991594590246677
-0.03227034583687782
0.016786035150289536
-0.11418767273426056
-0.03915286809206009
-0.0026527501177042723
0.14035587012767792
-0.04517016187310219
-0.04416500777006149
-0.04661589115858078
0.037877120077610016
-0.011946109123528004
-0.11554387211799622
-0.19461914896965027
0.09542469680309296
-0.1147707849740982
-0.03733880817890167
-0.0010758363641798496
0.008692304603755474
0.1947590559720993
0.04637850821018219
-0.04499100148677826
-0.007313314359635115
-0.014833634719252586
0.10607588291168213
-0.008633791469037533
-0.06394430249929428
0.001463906024582684
-0.07079396396875381
-0.08600571006536484
-0.08082332462072372
0.05915427953004837
0.05965092033147812
0.041978415101766586
-0.02265876717865467
0.16378968954086304
-0.029283853247761726
-0.19557495415210724
0.0459824874997139
0.07757203280925751
-7.322148303501308e-05
-0.10010340064764023
0.0868755578994751
-0.07617021352052689
-0.08883954584598541
-0.07627914100885391
-0.0024986553471535444
0.008537067100405693
0.07823426276445389
-0.0072146328166127205
-0.02878887765109539
-0.0059276157990098
-0.015697723254561424
-0.09574460983276367
-0.17056268453598022
0.05880805850028992
0.062094345688819885
0.053904447704553604
0.11131083220243454
-0.03325831890106201
0.08809477090835571
0.08405625075101852
-0.0931561216711998
-0.04855719953775406
0.09011107683181763
0.022780412808060646
0.06391017884016037
-0.034761782735586166
-0.05031502991914749
0.14518119394779205
0.2429744303226471
0.07856328785419464
-0.011373182758688927
-0.0017120052361860871
-0.20777976512908936
0.11106784641742706
0.006589255295693874
-0.0971757099032402
0.11800175160169601
-0.06255744397640228
-0.052620403468608856
0.10898453742265701
0.11318665742874146
0.022959556430578232
-0.0014954920625314116
0.09535907953977585
-0.05486121028661728
-0.046230968087911606
-0.08400500565767288
-0.11029720306396484
-0.12059346586465836
0.007759508211165667
0.05120542272925377
0.07673703879117966
0.1501704603433609
-0.024610139429569244
-0.1150256022810936
-0.06506891548633575
0.03621659800410271
-0.01908845454454422
-0.0799613669514656
0.01731252297759056
0.12664248049259186
-0.11303588002920151
0.026090076193213463
0.03168383240699768
0.029877353459596634
0.00721296900883317
0.08588539808988571
0.12009308487176895
0.030772751197218895
0.05131633207201958
-0.018128925934433937
-0.05800669640302658
-0.11434641480445862
0.19166629016399384
-0.024740830063819885
0.05437829717993736
-0.06723926216363907
