0.03244461864233017
0.0232376866042614
-0.0013350306544452906
0.07280773669481277
0.05266120284795761
0.029076721519231796
0.03259211406111717
0.05788804590702057
0.016026822850108147
0.004730296321213245
-0.038395825773477554
0.06398040056228638
0.007929514162242413
-0.0006265455158427358
0.008673754520714283
-0.02663443423807621
-0.02529803290963173
-0.07900922000408173
-0.05098341777920723
0.014409747906029224
-0.018848326057195663
0.03043571673333645
0.012852193787693977
-0.05402863025665283
-0.05991125851869583
-0.02626235969364643
0.008915838785469532
0.010865273885428905
-0.043432362377643585
-0.056715093553066254
0.024562356993556023
0.07179543375968933
0.03992459550499916
0.05686119943857193
0.014470181427896023
0.06337160617113113
-0.08528845012187958
0.006079275161027908
-0.0482373982667923
-0.015978656709194183
0.005663330666720867
-0.0338384285569191
0.002638711594045162
-0.015065166167914867
-0.002788144862279296
0.010797892697155476
-0.033016569912433624
-0.05320652946829796
0.00334527506493032
0.020708274096250534
0.04224148020148277
-0.025175631046295166
-0.024419337511062622
0.01244268286973238
-0.013986713252961636
-0.009940696880221367
-0.06457311660051346
0.06260652840137482
0.03179045394062996
0.04139673709869385
0.0452587716281414
0.01449931412935257
0.06891891360282898
0.03794004023075104
-0.018622001633048058
0.027292203158140182
-0.030588701367378235
-0.017119547352194786
-0.009173579514026642
-0.001216790289618075
0.03085280768573284
-0.04129476845264435
0.029402432963252068
-0.06726694852113724
0.07847772538661957
-0.016826260834932327
-0.0018872615182772279
0.03855088725686073
0.0658552423119545
0.04429861530661583
-0.048239219933748245
0.04294460266828537
-0.07228081673383713
-0.011486787348985672
-0.0024336427450180054
0.005439849570393562
-0.01478516310453415
-0.07389838993549347
-0.03712470084428787
0.006702818907797337
-0.010013516992330551
0.04276354983448982
0.02060076594352722
-0.03951185569167137
0.026637308299541473
0.017196981236338615
0.07021073997020721
-0.036746662110090256
0.05013639107346535
-0.032898567616939545
-0.024673083797097206
0.04431978613138199
-0.023480260744690895
0.019836178049445152
0.04881112277507782
0.02583184279501438
0.022707639262080193
-0.023581618443131447
-0.024623461067676544
0.003256277646869421
-0.012417690828442574
-0.018592052161693573
0.0324384868144989
0.05091781169176102
0.02148428186774254
0.04168584570288658
-0.007640523370355368
0.027688123285770416
0.019241848960518837
-0.013198534026741982
0.005797494202852249
0.03797798976302147
0.03006385825574398
0.012506414204835892
0.08842139691114426
-0.036797668784856796
0.02180170640349388
0.016173116862773895
