-1.559208154678344727e+00
1.157330036163330078e+00
6.445205211639404297e-01
2.379430383443832397e-01
-1.306647539138793945e+00
1.326420783996582031e+00
-8.871178030967712402e-01
2.155826568603515625e+00
8.807590007781982422e-01
-3.604993224143981934e-01
-1.133919000625610352e+00
2.904680967330932617e-01
-1.507602334022521973e+00
2.413677930831909180e+00
4.916586577892303467e-01
-2.959126830101013184e-01
-9.011093378067016602e-01
1.716223835945129395e+00
2.774619579315185547e+00
-1.162885665893554688e+00
2.111627578735351562e+00
-1.585221886634826660e+00
1.389868617057800293e+00
1.030344247817993164e+00
-2.845562458038330078e+00
1.085348367691040039e+00
1.500035524368286133e+00
-1.378514319658279419e-01
-1.354316473007202148e+00
7.147613763809204102e-01
-1.325014352798461914e+00
1.512680292129516602e+00
-2.375516176223754883e+00
6.569436192512512207e-01
1.235925316810607910e+00
-2.130582094192504883e+00
-4.418866336345672607e-01
-2.171059995889663696e-01
8.267172574996948242e-01
-5.465754866600036621e-01
3.992804586887359619e-01
-3.572202920913696289e-01
9.228264689445495605e-01
2.422483444213867188e+00
1.437142789363861084e-01
7.519455552101135254e-01
1.892247080802917480e+00
-7.989204525947570801e-01
-2.026062831282615662e-02
1.521999120712280273e+00
4.991592168807983398e-01
-2.288491010665893555e+00
-9.727597236633300781e-01
1.254041075706481934e+00
1.724314570426940918e+00
-6.416319608688354492e-01
3.011221647262573242e+00
1.032922148704528809e+00
-1.366874933242797852e+00
-4.242499470710754395e-01
-5.345619320869445801e-01
-4.138700664043426514e-01
-1.097618222236633301e+00
-8.548426032066345215e-01
7.054439187049865723e-01
-2.070783615112304688e+00
-2.514823675155639648e-01
1.814604997634887695e+00
-4.666624963283538818e-01
5.056626200675964355e-01
-8.794041872024536133e-01
-5.513894557952880859e-01
1.886614680290222168e+00
6.204957962036132812e-01
4.406724274158477783e-01
2.800057828426361084e-01
-2.085506916046142578e+00
4.165775477886199951e-01
1.443927764892578125e+00
-1.535051345825195312e+00
-3.641360104084014893e-01
-3.081964552402496338e-01
1.365261077880859375e+00
3.054781854152679443e-01
2.253372669219970703e+00
-8.417684584856033325e-02
4.909997284412384033e-01
-2.411341667175292969e+00
-1.143121361732482910e+00
-5.433942675590515137e-01
-2.791589021682739258e+00
8.553668856620788574e-01
-6.452572941780090332e-01
6.905370950698852539e-01
-8.158000111579895020e-01
-1.071482777595520020e+00
2.541868388652801514e-01
-2.457943439483642578e+00
2.085408449172973633e+00
1.432304024696350098e+00
-4.671790599822998047e-01
-8.327777981758117676e-01
-1.068293213844299316e+00
1.345815896987915039e+00
2.213079780340194702e-01
7.880730032920837402e-01
-6.936222910881042480e-01
-1.816044449806213379e+00
-1.450412273406982422e+00
-2.544464826583862305e+00
-1.480668425559997559e+00
-5.624537467956542969e-01
6.038515567779541016e-01
-1.366061091423034668e+00
1.212194204330444336e+00
3.936491012573242188e-01
5.221204757690429688e-01
-2.892429232597351074e-01
1.634149074554443359e+00
2.449395060539245605e-01
-1.148054957389831543e+00
-3.563852608203887939e-01
-6.353650093078613281e-01
3.191556036472320557e-01
1.120028719305992126e-01
-2.367094516754150391e+00
-6.199355721473693848e-01
-1.427507996559143066e+00
