-4.655697643756866455e-01
4.979577362537384033e-01
1.916528344154357910e-01
-2.630109526216983795e-02
-2.760791480541229248e-01
-1.055749431252479553e-01
2.605732679367065430e-01
1.678078889846801758e+00
1.199681282043457031e+00
-6.889754533767700195e-02
1.685630798339843750e+00
-1.609947681427001953e+00
-1.253538727760314941e+00
-1.392386674880981445e+00
2.036124944686889648e+00
-6.283247470855712891e-01
-1.056647419929504395e+00
1.197515249252319336e+00
1.239929080009460449e+00
-3.551191389560699463e-01
1.513828754425048828e+00
-7.371597886085510254e-01
-1.443741917610168457e+00
-4.635201394557952881e-01
-1.818710446357727051e+00
-1.742630124092102051e+00
1.799750924110412598e+00
1.559066176414489746e-01
1.146495491266250610e-01
-8.858285844326019287e-02
-4.766707122325897217e-01
8.281217217445373535e-01
-2.625092506408691406e+00
2.465206198394298553e-03
1.900557756423950195e+00
-1.239607334136962891e-01
-7.990364432334899902e-01
-1.803027033805847168e+00
5.745891928672790527e-01
-1.298489928245544434e+00
-1.251189112663269043e+00
5.526859760284423828e-01
1.730473637580871582e+00
1.495584964752197266e+00
1.646232247352600098e+00
1.330825090408325195e+00
-5.998547673225402832e-01
2.873139858245849609e+00
-1.472401022911071777e+00
1.882083415985107422e+00
1.933064341545104980e+00
-6.260177493095397949e-01
4.542665183544158936e-01
-1.366218566894531250e+00
5.033784508705139160e-01
-1.469206452369689941e+00
1.950718522071838379e+00
-2.200845330953598022e-01
1.744347214698791504e+00
1.391190648078918457e+00
-8.742947578430175781e-01
1.991228461265563965e+00
7.421070933341979980e-01
7.190631628036499023e-01
1.422878503799438477e+00
-4.949337542057037354e-01
3.598988652229309082e-01
3.584165573120117188e-01
-1.367409467697143555e+00
1.862184852361679077e-01
9.171523153781890869e-02
-9.899969398975372314e-02
1.143287062644958496e+00
-5.141180753707885742e-01
-5.111556053161621094e-01
-1.779294371604919434e+00
-1.397118568420410156e+00
-8.022155165672302246e-01
-1.257673501968383789e+00
-2.390532732009887695e+00
-1.135079979896545410e+00
-9.348459541797637939e-02
-8.540939688682556152e-01
-4.914376437664031982e-01
2.348995685577392578e+00
-1.216174364089965820e+00
7.428036630153656006e-02
9.298722743988037109e-01
6.463919878005981445e-01
-1.383947372436523438e+00
4.946216046810150146e-01
-3.247757434844970703e+00
1.073882341384887695e+00
1.343449056148529053e-01
6.271057128906250000e-01
-1.496930718421936035e-01
1.862229347229003906e+00
7.639284133911132812e-01
2.945896089076995850e-01
9.338468313217163086e-01
1.131948903203010559e-01
2.899724721908569336e+00
-2.909942269325256348e-01
5.904353857040405273e-01
2.047750234603881836e+00
7.838466167449951172e-01
-2.052988529205322266e+00
1.190337181091308594e+00
1.302570819854736328e+00
-3.675441490486264229e-03
-3.801849111914634705e-02
-1.036554813385009766e+00
-1.950749158859252930e+00
-3.100733280181884766e+00
-5.785777568817138672e-01
-1.597219109535217285e+00
-8.645415306091308594e-02
1.780999779701232910e+00
-5.272126197814941406e-01
-4.624530300498008728e-02
-1.919209241867065430e+00
-2.056120157241821289e+00
-4.292734861373901367e-01
-1.548880577087402344e+00
-1.776664406061172485e-01
-6.773921251296997070e-01
1.849362999200820923e-01
-6.357618570327758789e-01
