7.515286207199096680e-01
-4.422166198492050171e-02
-8.700052261352539062e+00
1.617026776075363159e-01
-6.268072128295898438e-02
4.702260345220565796e-02
-2.373075336217880249e-01
8.269044160842895508e-01
1.082467079162597656e+00
-4.573783576488494873e-01
-2.341512441635131836e-01
4.119315445423126221e-01
-2.393897324800491333e-01
9.073253870010375977e-01
-3.460619747638702393e-01
9.494619965553283691e-01
9.827534556388854980e-01
1.839284747838973999e-01
1.894657611846923828e-01
-4.832254052162170410e-01
-2.906147390604019165e-02
3.326687812805175781e-01
3.076293945312500000e+00
-3.817991912364959717e-01
-1.087879180908203125e+00
-8.932676911354064941e-02
-2.051015794277191162e-01
-4.622227847576141357e-01
-8.106898069381713867e-01
-1.555625647306442261e-01
2.550658881664276123e-01
2.699998617172241211e-01
-5.151191711425781250e+00
7.953245192766189575e-02
1.874169409275054932e-01
3.387041091918945312e-01
-2.892141230404376984e-02
7.277488112449645996e-01
8.673952519893646240e-02
-3.325742185115814209e-01
-1.779054477810859680e-02
-3.609602863434702158e-04
1.089155435562133789e+00
7.392979264259338379e-01
-6.386860609054565430e-01
2.629379928112030029e-01
8.230555057525634766e-01
1.175967082381248474e-01
-1.533944159746170044e-01
2.134971320629119873e-01
8.854365944862365723e-01
-4.873001873493194580e-01
-8.107229471206665039e-01
1.049659848213195801e+00
1.514115035533905029e-01
6.252322196960449219e-01
-5.397241711616516113e-01
-1.987119950354099274e-02
2.370984852313995361e-01
-4.049794077873229980e-01
-4.658215939998626709e-01
8.736392110586166382e-02
5.246111154556274414e-01
1.094084501266479492e+00
5.205462574958801270e-01
-2.128600776195526123e-01
-2.894096374511718750e-01
3.076655864715576172e-01
8.940239250659942627e-02
-4.547382295131683350e-01
-5.676042661070823669e-02
6.287255138158798218e-02
5.489264130592346191e-01
9.691046476364135742e-01
9.657036066055297852e-01
-5.145121812820434570e-01
-1.020229384303092957e-01
8.125520944595336914e-01
-1.451959490776062012e+00
-1.631639838218688965e+00
-1.278365403413772583e-01
-1.968859732151031494e-01
1.097694039344787598e+00
1.612046211957931519e-01
-7.286117076873779297e-01
2.039415761828422546e-03
8.113994002342224121e-01
-2.725641727447509766e-01
-2.832319140434265137e-01
7.305173873901367188e-01
-1.406826615333557129e+00
-5.785140991210937500e-01
4.145428240299224854e-01
1.091008111834526062e-01
-4.820846021175384521e-01
-5.741920471191406250e-01
5.653526186943054199e-01
9.313183426856994629e-01
-2.112164050340652466e-01
-4.514496028423309326e-02
-3.953875899314880371e-01
4.335987940430641174e-02
-1.040355637669563293e-01
9.477055668830871582e-01
-3.094002008438110352e-01
1.378360986709594727e+00
1.059661030769348145e+00
-7.430688738822937012e-01
-5.019228458404541016e-01
3.561679124832153320e-01
7.645512223243713379e-01
-3.106717765331268311e-01
-1.023413300514221191e+00
-1.075169071555137634e-01
-4.124137759208679199e-02
-4.905060231685638428e-01
4.500196576118469238e-01
3.571876585483551025e-01
-1.429615914821624756e-01
-3.514094860292971134e-04
-5.739086270332336426e-01
-7.003638148307800293e-01
-5.643701553344726562e-01
1.265702724456787109e+00
-9.908549487590789795e-02
1.328102111816406250e+00
2.641862630844116211e-01
-1.910605132579803467e-01
