-2.440591752529144287e-01
1.223237752914428711e+00
5.182092636823654175e-02
-8.468709588050842285e-01
-5.633635520935058594e-01
1.944409966468811035e+00
-1.203728437423706055e+00
6.731829047203063965e-01
-6.843782067298889160e-01
-1.096385955810546875e+00
-1.416605710983276367e-01
-8.793566823005676270e-01
-9.539361596107482910e-01
-1.213850021362304688e+00
9.985144138336181641e-01
-1.809137463569641113e+00
-1.003198742866516113e+00
5.225844383239746094e-01
4.112838506698608398e-01
1.043094769120216370e-01
-4.632006883621215820e-01
-8.526556491851806641e-01
-3.613489866256713867e-01
2.059456586837768555e+00
-6.686666607856750488e-01
-4.512195289134979248e-01
-1.500970363616943359e+00
1.044648885726928711e+00
2.895236015319824219e-01
1.304782509803771973e+00
-2.506529390811920166e-01
3.111422538757324219e+00
6.103520989418029785e-01
8.690503835678100586e-01
-4.866855740547180176e-01
3.235808312892913818e-01
5.572742223739624023e-01
6.508450508117675781e-01
1.192978620529174805e+00
-9.775027632713317871e-03
2.203022718429565430e+00
-1.753525733947753906e-01
2.504092931747436523e+00
1.413402557373046875e+00
-7.317135334014892578e-01
-2.089251041412353516e+00
-4.131785631179809570e-01
1.566421985626220703e-01
-3.715912997722625732e-01
-1.482941627502441406e+00
-5.159346461296081543e-01
-6.211715340614318848e-01
1.563376784324645996e-01
1.237271308898925781e+00
-4.541133642196655273e-01
1.250186443328857422e+00
9.255459308624267578e-01
1.195979356765747070e+00
-4.644526839256286621e-01
1.365351676940917969e+00
8.761645108461380005e-02
-1.295093297958374023e+00
2.594060003757476807e-01
7.610037922859191895e-01
-3.848818242549896240e-01
-3.019060611724853516e+00
7.563696503639221191e-01
-4.840202257037162781e-02
1.613528728485107422e+00
5.032970905303955078e-01
2.111718654632568359e-01
1.707434058189392090e+00
3.418981134891510010e-01
6.430201530456542969e-01
7.366554737091064453e-01
-1.505157232284545898e+00
2.298362702131271362e-01
-2.488719224929809570e+00
-2.078093767166137695e+00
-7.768336534500122070e-01
7.523260116577148438e-01
-2.323031663894653320e+00
5.357481837272644043e-01
-2.291476428508758545e-01
6.646404266357421875e-01
-1.433462381362915039e+00
-6.918796300888061523e-01
-3.335177600383758545e-01
-7.804714441299438477e-01
2.599011659622192383e-01
-1.101065725088119507e-01
-1.256375789642333984e+00
-1.124389886856079102e+00
4.202813208103179932e-01
1.554491519927978516e+00
-5.891841650009155273e-01
-2.686851024627685547e-01
1.841982603073120117e-01
5.393798947334289551e-01
9.251813292503356934e-01
-2.773540496826171875e+00
6.168533563613891602e-01
-1.070001959800720215e+00
3.834812045097351074e-01
-2.553711414337158203e+00
5.580147504806518555e-01
9.387032389640808105e-01
-4.552658200263977051e-01
5.227377414703369141e-01
-7.496398687362670898e-02
-7.946456670761108398e-01
1.041371375322341919e-01
-4.214162230491638184e-01
-1.527955830097198486e-01
4.649145126342773438e+00
7.242714613676071167e-02
5.071394145488739014e-02
-1.086650490760803223e+00
-6.048676371574401855e-01
2.244774341583251953e+00
9.615048766136169434e-02
-7.142080068588256836e-01
-1.525791049003601074e+00
-8.566162586212158203e-01
-5.993491411209106445e-01
7.743891477584838867e-01
-5.894751548767089844e-01
-1.400855541229248047e+00
