-5.330465734004974365e-02
6.085115671157836914e-01
3.085931241512298584e-01
-1.867397427558898926e-01
1.561787724494934082e-02
5.883180499076843262e-01
5.628371238708496094e-01
1.617674827575683594e+00
9.920157790184020996e-01
-3.016014695167541504e-01
1.318778395652770996e+00
-1.368648767471313477e+00
-1.160736560821533203e+00
-2.023276329040527344e+00
1.830086350440979004e+00
-8.822176456451416016e-01
-9.586078524589538574e-01
1.154712796211242676e+00
1.081022024154663086e+00
-5.065548419952392578e-01
1.414764761924743652e+00
-9.910180568695068359e-01
-1.396073937416076660e+00
-4.456936120986938477e-01
-1.533240914344787598e+00
-1.605602383613586426e+00
2.080763101577758789e+00
-1.322758942842483521e-01
-2.122807949781417847e-01
-2.808770537376403809e-02
-5.859369039535522461e-02
8.143020868301391602e-01
-2.238890409469604492e+00
-1.695992201566696167e-01
1.752817392349243164e+00
3.396230936050415039e-02
-1.468096971511840820e-01
-1.535462617874145508e+00
2.735697925090789795e-01
-1.209745883941650391e+00
-7.992536425590515137e-01
5.683901309967041016e-01
1.810624837875366211e+00
1.599395036697387695e+00
1.500078916549682617e+00
7.807710766792297363e-01
-8.339862227439880371e-01
2.772371292114257812e+00
-1.188560843467712402e+00
1.134488224983215332e+00
2.136251926422119141e+00
-4.751455187797546387e-01
-2.249352931976318359e-01
-1.440869331359863281e+00
2.928248345851898193e-01
-1.499184966087341309e+00
1.411736607551574707e+00
3.999584317207336426e-01
2.183843851089477539e+00
1.126530647277832031e+00
-7.385818958282470703e-01
1.828432440757751465e+00
1.156486511230468750e+00
7.476018071174621582e-01
9.810802936553955078e-01
-1.010403394699096680e+00
3.285576403141021729e-01
8.831736445426940918e-01
-1.351740241050720215e+00
1.560368537902832031e-01
2.614841461181640625e-01
2.750046253204345703e-01
9.494962692260742188e-01
-5.200400352478027344e-01
-7.842283844947814941e-01
-1.927383184432983398e+00
-1.714267134666442871e+00
-5.183555483818054199e-01
-1.158074855804443359e+00
-2.182642936706542969e+00
-1.346523284912109375e+00
4.419461190700531006e-01
-1.052627205848693848e+00
-3.578599989414215088e-01
2.650183677673339844e+00
-1.300833582878112793e+00
-4.886061847209930420e-01
9.182245731353759766e-01
3.903293013572692871e-01
-1.086579442024230957e+00
1.233616352081298828e+00
-3.733661890029907227e+00
1.184159994125366211e+00
-4.180052280426025391e-01
1.021095752716064453e+00
4.456711560487747192e-02
1.878123641014099121e+00
2.381460368633270264e-01
-1.975731402635574341e-01
1.273522973060607910e-01
-4.807498753070831299e-01
2.726237058639526367e+00
-5.007987618446350098e-01
7.158584594726562500e-01
1.946837782859802246e+00
5.686085820198059082e-01
-1.984733939170837402e+00
1.091849803924560547e+00
2.213234663009643555e+00
4.709222316741943359e-01
1.614559143781661987e-01
-9.803816080093383789e-01
-1.836300134658813477e+00
-3.156239032745361328e+00
-8.757548332214355469e-01
-1.522179126739501953e+00
-4.613723754882812500e-01
1.573579788208007812e+00
-2.017212510108947754e-01
1.869970709085464478e-01
-1.451392292976379395e+00
-2.302283287048339844e+00
2.911351919174194336e-01
-1.245640516281127930e+00
-2.574257850646972656e-01
-5.210471749305725098e-01
4.098164737224578857e-01
-9.053915739059448242e-01
