-1.163871407508850098e+00
-1.600250601768493652e+00
2.802621722221374512e-01
7.596098780632019043e-01
-2.126064777374267578e+00
2.072395324707031250e+00
2.501734256744384766e+00
-9.372590482234954834e-02
-2.270245552062988281e+00
-1.445590257644653320e+00
1.597429215908050537e-01
-1.266580462455749512e+00
-1.592895388603210449e+00
-1.537285447120666504e+00
2.221962213516235352e-01
-3.988426029682159424e-01
-5.858625769615173340e-01
1.708166360855102539e+00
-7.212518155574798584e-02
6.433498859405517578e-01
-1.688080094754695892e-02
-7.249168306589126587e-02
-3.771566152572631836e-01
1.784101009368896484e+00
-8.493447899818420410e-01
2.007751464843750000e+00
1.628656506538391113e+00
-7.972042560577392578e-01
4.826852381229400635e-01
-4.475150406360626221e-01
-4.592378139495849609e-01
-1.504509747028350830e-01
2.678670585155487061e-01
-2.778447270393371582e-01
-2.865597605705261230e-01
7.968005537986755371e-01
-1.190382003784179688e+00
-7.392894029617309570e-01
1.857329159975051880e-01
-3.936268985271453857e-01
1.589448690414428711e+00
5.847238004207611084e-03
1.700083374977111816e+00
-1.074445486068725586e+00
1.584881395101547241e-01
1.065334796905517578e+00
2.199079036712646484e+00
9.100229293107986450e-02
-1.214430689811706543e+00
-8.191071748733520508e-01
-4.076759219169616699e-01
-1.929340362548828125e+00
1.959348767995834351e-01
6.123636364936828613e-01
2.826867699623107910e-01
-1.094291090965270996e+00
1.122154951095581055e+00
-9.436821341514587402e-01
1.562361955642700195e+00
1.176972389221191406e+00
-1.842598676681518555e+00
2.597849130630493164e+00
-1.212306857109069824e+00
1.042944908142089844e+00
-7.124253511428833008e-01
4.164519906044006348e-01
1.286099672317504883e+00
1.059486865997314453e+00
-5.590903162956237793e-01
3.188209831714630127e-01
-2.010168433189392090e-01
-2.142305612564086914e+00
2.006270170211791992e+00
8.563259243965148926e-01
-8.019211888313293457e-01
-2.027555227279663086e+00
-1.905938982963562012e+00
7.807574421167373657e-02
7.190920710563659668e-01
-1.300041526556015015e-01
-2.801760435104370117e-01
-2.507503032684326172e+00
4.363291710615158081e-02
1.078357815742492676e+00
-1.095903158187866211e+00
1.437711596488952637e+00
2.603550851345062256e-01
-1.990156650543212891e+00
-5.446314215660095215e-01
5.652226209640502930e-01
-2.159987688064575195e+00
-3.415186703205108643e-01
-2.536103963851928711e+00
1.477155685424804688e+00
-1.940849542617797852e+00
2.503007173538208008e+00
8.652835488319396973e-01
-1.916549324989318848e+00
3.484207093715667725e-01
3.415506839752197266e+00
-1.013147354125976562e+00
-1.408273458480834961e+00
3.545852145180106163e-03
1.939451217651367188e+00
-5.917732119560241699e-01
-4.374708831310272217e-01
-1.218318223953247070e+00
3.317863047122955322e-01
1.371510177850723267e-01
-3.085969984531402588e-01
-3.509295582771301270e-01
7.349904775619506836e-01
-1.021118521690368652e+00
1.168277025222778320e+00
-8.453845977783203125e-01
-1.504330992698669434e+00
9.433876276016235352e-01
6.795300245285034180e-01
-2.742738127708435059e-01
6.540331244468688965e-01
-9.426032304763793945e-01
4.543923735618591309e-01
2.131547451019287109e+00
1.970804482698440552e-01
-3.607680201530456543e-01
-1.096098899841308594e+00
1.392912745475769043e+00
5.095306634902954102e-01
