-1.661230802536010742e+00
4.796460270881652832e-01
-3.480183184146881104e-01
-7.954944670200347900e-02
-1.076612949371337891e+00
2.593153119087219238e-01
1.123287200927734375e+00
7.373326420783996582e-01
-9.493446350097656250e-01
1.265929222106933594e+00
4.685675501823425293e-01
7.727620601654052734e-01
1.854012727737426758e+00
3.249940872192382812e-01
5.674802660942077637e-01
1.100994110107421875e+00
-1.583333015441894531e+00
1.588698506355285645e+00
-9.696606993675231934e-01
2.133984804153442383e+00
-2.263057529926300049e-01
-8.660242706537246704e-02
2.861718237400054932e-01
1.911401629447937012e+00
-1.160713195800781250e+00
-1.368780583143234253e-01
-1.333089709281921387e+00
5.907939672470092773e-01
8.106376528739929199e-01
1.986383557319641113e+00
-4.899791479110717773e-01
9.284804463386535645e-01
2.066007070243358612e-02
1.401650190353393555e+00
-2.712595760822296143e-01
1.770350217819213867e+00
-9.129281044006347656e-01
-5.232260823249816895e-01
-1.812067508697509766e+00
1.613327383995056152e+00
-1.506479978561401367e-01
-8.182604908943176270e-01
2.754150867462158203e+00
9.200845360755920410e-01
3.062218725681304932e-01
8.137769103050231934e-01
-9.384956955909729004e-01
-7.190098762512207031e-01
2.687630951404571533e-01
-1.450274735689163208e-01
-1.210106071084737778e-02
-1.115995764732360840e+00
-1.157312020659446716e-01
1.837270706892013550e-01
4.887703061103820801e-01
2.055543959140777588e-01
1.501638442277908325e-01
-1.621550202369689941e+00
-9.329001903533935547e-01
6.574830412864685059e-01
-3.667443394660949707e-01
2.543992280960083008e+00
-2.056712359189987183e-01
5.481424331665039062e-01
1.011079430580139160e+00
2.301664352416992188e-01
-1.089306712150573730e+00
2.495706230401992798e-01
3.158260881900787354e-01
2.934443056583404541e-01
2.428867816925048828e-01
-1.117001771926879883e+00
1.249550580978393555e-01
5.770524144172668457e-01
1.073750972747802734e+00
-9.905802607536315918e-01
-7.211378216743469238e-01
-3.484651148319244385e-01
1.650647282600402832e+00
4.733850061893463135e-02
8.903813958168029785e-01
-3.609458208084106445e+00
-1.668002158403396606e-01
4.112845063209533691e-01
-7.807013392448425293e-01
-7.820841073989868164e-01
-5.780504941940307617e-01
-2.146476268768310547e+00
-5.325518250465393066e-01
-1.773136556148529053e-01
9.619883298873901367e-01
-2.412852197885513306e-01
-6.382196545600891113e-01
-7.482265233993530273e-01
-5.092158913612365723e-01
-1.282801032066345215e+00
-7.032685875892639160e-01
3.243499398231506348e-01
-5.039799809455871582e-01
5.659818053245544434e-01
1.603363156318664551e+00
1.905637085437774658e-01
-1.511339783668518066e+00
5.407667160034179688e-01
-4.998449385166168213e-01
-3.901388049125671387e-01
-7.986827939748764038e-02
5.891068577766418457e-01
-3.827933669090270996e-01
1.287920624017715454e-01
-4.625270664691925049e-01
2.730295896530151367e+00
-1.241211414337158203e+00
-1.435577392578125000e+00
-4.381488561630249023e-01
-2.740741968154907227e+00
6.172502040863037109e-01
-6.956697255373001099e-02
7.474912703037261963e-02
5.400220155715942383e-01
-1.998406499624252319e-01
-7.874521613121032715e-01
2.720766663551330566e-01
-1.062815710902214050e-01
-1.411987781524658203e+00
-1.191589117050170898e+00
-2.071794033050537109e+00
-2.968566715717315674e-01
