-2.064100742340087891e+00
6.640745997428894043e-01
-7.864915132522583008e-01
-1.756229281425476074e+00
1.093433618545532227e+00
2.034518241882324219e+00
1.516295909881591797e+00
1.371059417724609375e+00
1.125733017921447754e+00
-9.111362099647521973e-01
1.592301130294799805e+00
2.843232393264770508e+00
1.442732512950897217e-01
1.069057941436767578e+00
-6.060429215431213379e-01
2.116923093795776367e+00
9.911988973617553711e-01
8.120242357254028320e-01
-2.159500718116760254e-01
-1.497771739959716797e+00
-1.551818251609802246e+00
-1.143311262130737305e-01
-5.387211441993713379e-01
-1.305210888385772705e-01
-1.136838316917419434e+00
-2.503480315208435059e-01
1.481425285339355469e+00
6.192309260368347168e-01
1.359359741210937500e+00
2.180588722229003906e+00
-6.391195654869079590e-01
-2.873097896575927734e+00
-1.048427820205688477e+00
2.437722444534301758e+00
-2.287290811538696289e+00
-3.735786676406860352e-01
2.327740490436553955e-01
-1.149710267782211304e-02
-1.432448983192443848e+00
-1.077426671981811523e+00
1.165479540824890137e+00
2.422134876251220703e-01
1.392195940017700195e+00
2.392055511474609375e+00
-1.693234205245971680e+00
-4.644111990928649902e-01
-7.501967549324035645e-01
3.251031875610351562e+00
2.735792398452758789e-01
6.445046067237854004e-01
8.583164811134338379e-01
-1.005390763282775879e+00
5.491777509450912476e-02
1.029812932014465332e+00
-4.057812690734863281e-01
1.574361205101013184e+00
2.354051113128662109e+00
-5.263293981552124023e-01
-2.311280727386474609e+00
-2.319548428058624268e-01
2.811762094497680664e-01
1.638351321220397949e+00
-1.938830614089965820e+00
1.596713066101074219e-02
1.109294056892395020e+00
-1.920297145843505859e+00
-6.146222352981567383e-01
-2.013211846351623535e-01
-2.172994375228881836e+00
6.913092732429504395e-01
-4.351250529289245605e-01
-5.260517001152038574e-01
5.254303812980651855e-01
-1.776960492134094238e-01
8.599077463150024414e-01
-1.079879283905029297e+00
5.748107433319091797e-01
-1.543694853782653809e+00
7.055741548538208008e-02
-1.951806545257568359e+00
2.442606985569000244e-01
-1.881038427352905273e+00
3.724077939987182617e-01
4.878656268119812012e-01
6.811684966087341309e-01
1.291642904281616211e+00
-6.950584650039672852e-01
-2.027996063232421875e+00
7.653564214706420898e-01
-5.133447647094726562e-01
6.815048307180404663e-02
-3.523591995239257812e+00
-2.839184999465942383e+00
1.183439612388610840e+00
4.515869617462158203e-01
8.037577867507934570e-01
3.190498650074005127e-01
-9.585975408554077148e-01
-2.571418285369873047e-01
1.883552670478820801e+00
-6.745744943618774414e-01
7.410192489624023438e-01
1.108880162239074707e+00
-1.804194927215576172e+00
-4.400080740451812744e-01
4.096114933490753174e-01
-1.358415842056274414e+00
8.883278369903564453e-01
1.602536082267761230e+00
1.243062257766723633e+00
-6.592041254043579102e-01
-1.788179159164428711e+00
-1.423131227493286133e+00
-1.417999029159545898e+00
4.100980162620544434e-01
-1.924386173486709595e-01
1.308687925338745117e+00
-5.585591793060302734e-01
-1.437989234924316406e+00
7.293745279312133789e-01
3.380397558212280273e-01
-1.715731382369995117e+00
1.316088557243347168e+00
9.557790756225585938e-01
5.228258967399597168e-01
-4.475967586040496826e-01
-5.052959322929382324e-01
-6.964133977890014648e-01
