-2.649169564247131348e-01
1.150239944458007812e+00
3.746100887656211853e-02
-9.614208936691284180e-01
-3.819372653961181641e-01
2.631729602813720703e+00
-6.835575699806213379e-01
8.637657761573791504e-01
-6.027077436447143555e-01
-1.201866388320922852e+00
-1.940316259860992432e-01
-7.022408843040466309e-01
-8.226162791252136230e-01
-1.447495818138122559e+00
1.202108383178710938e+00
-1.890696287155151367e+00
-6.439486742019653320e-01
5.431506633758544922e-01
3.301996588706970215e-01
2.361344993114471436e-01
-9.392513632774353027e-01
-7.913409471511840820e-01
-2.322900295257568359e-01
1.878007888793945312e+00
-7.800896167755126953e-01
-1.263593137264251709e-01
-8.151767253875732422e-01
6.409963965415954590e-01
3.127164840698242188e-01
1.572920918464660645e+00
-2.103728353977203369e-01
2.639184951782226562e+00
5.280441641807556152e-01
5.439460873603820801e-01
-9.892303347587585449e-01
2.771464586257934570e-01
6.857702136039733887e-01
5.999239683151245117e-01
9.343006610870361328e-01
-2.577328681945800781e-01
2.075095415115356445e+00
-6.457195430994033813e-02
2.439545869827270508e+00
1.671312570571899414e+00
-6.710377931594848633e-01
-1.571373581886291504e+00
-7.738448381423950195e-01
-1.007173489779233932e-02
-2.079117149114608765e-01
-2.029012441635131836e+00
-5.242241621017456055e-01
-5.168795585632324219e-01
-3.125536441802978516e-01
7.821007966995239258e-01
-7.754480242729187012e-01
1.504590034484863281e+00
7.943037152290344238e-01
1.367954969406127930e+00
-2.447650879621505737e-01
1.171352267265319824e+00
-7.309991121292114258e-02
-7.958160042762756348e-01
3.797798454761505127e-01
8.848738074302673340e-01
-5.350433588027954102e-01
-3.712439775466918945e+00
7.118148803710937500e-01
-1.705880314111709595e-01
1.433632135391235352e+00
6.062913537025451660e-01
4.250415563583374023e-01
1.727256536483764648e+00
8.091714978218078613e-01
7.772018313407897949e-01
4.825549721717834473e-01
-2.009307384490966797e+00
7.620833069086074829e-02
-2.443067550659179688e+00
-1.919975161552429199e+00
-6.759071946144104004e-01
3.043548166751861572e-01
-2.083121299743652344e+00
1.476816087961196899e-01
-2.484650015830993652e-01
5.199445486068725586e-01
-1.628932237625122070e+00
-1.012863397598266602e+00
-5.900476574897766113e-01
-7.266846895217895508e-01
5.451680421829223633e-01
1.976210474967956543e-01
-1.582365036010742188e+00
-7.641973495483398438e-01
-7.321500778198242188e-02
1.655873417854309082e+00
-1.766853928565979004e-01
-3.230638206005096436e-01
1.688899993896484375e-01
5.548983067274093628e-02
6.313661932945251465e-01
-3.051426172256469727e+00
4.915620759129524231e-02
-8.249663114547729492e-01
6.050913929939270020e-01
-1.965299963951110840e+00
6.135420203208923340e-01
1.087464213371276855e+00
-5.280080437660217285e-01
1.020313143730163574e+00
5.626480579376220703e-01
-8.067733049392700195e-01
5.678416490554809570e-01
-2.729721069335937500e-01
-1.711829453706741333e-01
4.262495994567871094e+00
3.080748021602630615e-01
1.101819574832916260e-01
-8.379769921302795410e-01
-3.611051142215728760e-01
2.370425939559936523e+00
5.443433672189712524e-02
-1.144424557685852051e+00
-9.308562874794006348e-01
-6.288754940032958984e-01
-7.885595560073852539e-01
7.081299424171447754e-01
-4.137185513973236084e-01
-1.121484875679016113e+00
