-1.540617346763610840e+00
8.642321228981018066e-01
-1.115823984146118164e+00
-2.051827460527420044e-01
-2.120016336441040039e+00
1.685393810272216797e+00
1.880865216255187988e+00
1.474798917770385742e+00
4.977090656757354736e-01
-2.921922206878662109e-01
-7.354094386100769043e-01
1.406392931938171387e+00
2.448652744293212891e+00
-2.512208223342895508e+00
-1.630213022232055664e+00
-1.924998015165328979e-01
-7.791532278060913086e-01
2.079466879367828369e-01
-4.184393882751464844e-01
1.099261999130249023e+00
-3.306725740432739258e+00
1.524380147457122803e-01
-8.997703194618225098e-01
-1.683831810951232910e-01
-1.693170785903930664e+00
8.625994324684143066e-01
-7.850751280784606934e-01
-1.128296017646789551e+00
2.268432617187500000e+00
7.269918918609619141e-02
-1.678303003311157227e+00
-1.052143931388854980e+00
3.084177970886230469e-01
6.208283901214599609e-01
4.243390560150146484e-01
2.099521756172180176e-01
-8.552067875862121582e-01
-2.339378893375396729e-01
-1.018397927284240723e+00
6.304240226745605469e-01
-6.916224956512451172e-01
3.605207502841949463e-01
1.292274236679077148e+00
9.057449698448181152e-01
-4.443521797657012939e-01
1.421605348587036133e-01
-2.387669980525970459e-01
1.596184253692626953e+00
-7.910389304161071777e-01
-1.633450865745544434e+00
5.369332432746887207e-01
-1.185505270957946777e+00
-1.052068471908569336e+00
-6.608807444572448730e-01
-2.704582810401916504e-01
-8.998360484838485718e-03
3.361718177795410156e+00
1.223447203636169434e+00
-1.829354763031005859e+00
1.120018482208251953e+00
-1.451166391372680664e+00
1.860315203666687012e+00
-2.313485622406005859e+00
7.955554127693176270e-01
2.921686768531799316e-01
-1.986688733100891113e+00
8.541109561920166016e-01
3.763114213943481445e-01
1.386400461196899414e+00
1.726776242256164551e+00
-5.890799760818481445e-01
1.271717667579650879e+00
2.750520229339599609e+00
2.845535278320312500e-01
-8.299750685691833496e-01
-4.736293256282806396e-01
3.108866214752197266e-01
-3.241374790668487549e-01
-2.313009798526763916e-01
-2.535317420959472656e+00
-1.293169498443603516e+00
-1.286029458045959473e+00
1.416954517364501953e+00
1.257625579833984375e+00
1.502865739166736603e-02
-2.531054019927978516e-01
-2.427241086959838867e+00
-1.679189324378967285e+00
-1.238664984703063965e+00
8.355685472488403320e-01
2.097940683364868164e+00
-2.264447689056396484e+00
-1.699520826339721680e+00
1.245178133249282837e-01
-5.069483518600463867e-01
2.136339902877807617e+00
1.377663135528564453e+00
6.408941149711608887e-01
2.483992338180541992e+00
2.608200073242187500e+00
7.755157351493835449e-01
-1.609608411788940430e+00
-6.934034228324890137e-01
1.293996572494506836e+00
2.243069410324096680e+00
-6.821232438087463379e-01
-2.337860345840454102e+00
1.537123322486877441e-01
8.775342106819152832e-01
-4.813646674156188965e-01
-6.760913133621215820e-01
1.734431505203247070e+00
8.577765226364135742e-01
3.929088711738586426e-01
-1.013685703277587891e+00
-2.832171320915222168e-01
3.754864931106567383e-01
-7.137055993080139160e-01
-2.835922241210937500e-01
1.380926251411437988e+00
-9.416924118995666504e-01
5.748925805091857910e-01
4.758867025375366211e-01
-1.110218167304992676e-01
6.836414337158203125e-02
-1.213948801159858704e-01
1.272371411323547363e-02
-1.031484723091125488e+00
