-1.518454074859619141e+00
2.594789862632751465e-01
-9.480975866317749023e-01
1.066069841384887695e+00
-6.872022151947021484e-01
-1.061091303825378418e+00
-5.015769004821777344e-01
-1.892101049423217773e+00
1.128384590148925781e+00
-1.442344665527343750e+00
1.523431539535522461e-01
-1.556850433349609375e+00
-8.343433737754821777e-01
6.728314757347106934e-01
-5.246077775955200195e-01
-3.204185366630554199e-01
2.393694221973419189e-01
1.294842004776000977e+00
7.924549579620361328e-01
1.219555854797363281e+00
-7.352738380432128906e-01
-4.510678648948669434e-01
-1.468139648437500000e+00
2.418231248855590820e+00
-1.031660556793212891e+00
9.301607012748718262e-01
3.380300760269165039e+00
-5.845696106553077698e-02
2.075683832168579102e+00
7.007812261581420898e-01
-1.005464792251586914e+00
-1.532816290855407715e+00
-1.665356159210205078e+00
-3.715376257896423340e-01
1.473675727844238281e+00
-4.323149323463439941e-01
-4.054107069969177246e-01
-1.614296317100524902e+00
-4.731789231300354004e-03
-2.676214277744293213e-01
2.746195316314697266e+00
-4.381346404552459717e-01
1.657709598541259766e+00
-2.151111602783203125e+00
5.410705134272575378e-02
1.578621119260787964e-01
1.956043004989624023e+00
1.153092980384826660e+00
-1.577582955360412598e+00
9.830082058906555176e-01
-1.842023968696594238e+00
-1.569889307022094727e+00
-1.195291638374328613e+00
1.586565256118774414e+00
2.317222595214843750e+00
7.050963044166564941e-01
1.376901626586914062e+00
-1.609916090965270996e+00
1.512759447097778320e+00
1.139699459075927734e+00
-1.255302429199218750e+00
5.511096715927124023e-01
-1.475137948989868164e+00
-3.808545470237731934e-01
9.929623603820800781e-01
1.319961190223693848e+00
1.607153415679931641e+00
-6.843995451927185059e-01
-7.007303833961486816e-02
-8.895473480224609375e-01
-6.832484006881713867e-01
-5.461754202842712402e-01
1.907905459403991699e+00
4.102684855461120605e-01
-2.608054876327514648e+00
-1.047055244445800781e+00
-1.170248746871948242e+00
1.608842015266418457e+00
1.631592154502868652e+00
-5.885319709777832031e-01
5.048180818557739258e-01
-8.070627450942993164e-01
1.380506277084350586e+00
-9.640824794769287109e-02
-1.359146118164062500e+00
1.348153233528137207e+00
4.057508111000061035e-01
-1.789766788482666016e+00
-4.009946584701538086e-01
1.420130848884582520e+00
-9.377152919769287109e-01
-9.993633627891540527e-01
-2.057149648666381836e+00
1.757198810577392578e+00
-2.078977346420288086e+00
4.133066236972808838e-01
5.703464746475219727e-01
-1.766358613967895508e+00
1.005757749080657959e-01
3.118136882781982422e+00
-5.821359753608703613e-01
-4.797768890857696533e-01
1.199706315994262695e+00
1.846919059753417969e+00
-3.405808210372924805e-01
1.946708261966705322e-01
-4.987176060676574707e-01
7.818213701248168945e-01
-7.036777138710021973e-01
-7.476626634597778320e-01
7.362712025642395020e-01
3.903588652610778809e-01
-3.574922978878021240e-01
5.953079462051391602e-02
1.325310468673706055e-01
-3.425107598304748535e-01
3.622829914093017578e-01
3.536587059497833252e-01
-1.672956466674804688e+00
-2.787651121616363525e-01
-1.230552077293395996e+00
5.132243633270263672e-01
-6.146994233131408691e-02
-8.160606026649475098e-01
-4.718725681304931641e-01
-1.764733314514160156e+00
9.814471602439880371e-01
-3.253729939460754395e-01
