1.728195399045944214e-01
1.976430863142013550e-01
-1.197285652160644531e+00
-2.343309879302978516e+00
-1.025225043296813965e+00
-2.146386057138442993e-01
2.271143436431884766e+00
5.522347092628479004e-01
7.197316288948059082e-01
-9.219659566879272461e-01
2.465862751007080078e+00
9.266484975814819336e-01
9.765899181365966797e-01
4.132971167564392090e-01
4.335077106952667236e-01
9.486427903175354004e-01
-3.593664765357971191e-01
-1.358004510402679443e-01
-1.603204250335693359e+00
1.642024703323841095e-02
-7.456948757171630859e-01
-1.304444074630737305e+00
1.176983952522277832e+00
1.797751307487487793e+00
-6.872275471687316895e-01
-5.295335054397583008e-01
-2.642938196659088135e-01
5.326931551098823547e-02
6.808493733406066895e-01
7.150980234146118164e-01
5.570363998413085938e-01
-2.892105817794799805e+00
-8.292265534400939941e-01
1.157215952873229980e+00
2.874768078327178955e-01
-6.261227130889892578e-01
-2.096544027328491211e+00
-1.028396010398864746e+00
5.616402029991149902e-01
-1.943801760673522949e+00
3.614855408668518066e-01
1.299681901931762695e+00
1.147522568702697754e+00
2.369697093963623047e+00
1.032852530479431152e+00
3.334512710571289062e-01
4.061652347445487976e-02
3.573538303375244141e+00
-4.896743595600128174e-02
2.218906879425048828e+00
-8.162284493446350098e-01
-5.063045397400856018e-02
4.688298106193542480e-01
7.692375034093856812e-02
-4.884683191776275635e-01
-1.182026028633117676e+00
1.263351321220397949e+00
9.039464592933654785e-01
-1.120994806289672852e+00
1.048067927360534668e+00
-1.171395301818847656e+00
4.947412908077239990e-01
-1.637590527534484863e-01
2.744991481304168701e-01
-1.045438051223754883e-01
-2.289935111999511719e+00
6.254581212997436523e-01
6.087965965270996094e-01
-9.644374251365661621e-01
1.371729135513305664e+00
2.470680028200149536e-01
-1.764224886894226074e+00
1.955860495567321777e+00
1.368103455752134323e-02
3.069362938404083252e-01
-1.626502037048339844e+00
1.703083395957946777e+00
-1.261337757110595703e+00
-1.034920811653137207e+00
-2.430177211761474609e+00
-1.398807168006896973e+00
-1.687178969383239746e+00
-1.376090645790100098e+00
-2.702711820602416992e-01
1.731598854064941406e+00
1.689921736717224121e+00
-4.809382855892181396e-01
-1.844312548637390137e-01
-1.374812573194503784e-01
3.212826848030090332e-01
6.793850567191839218e-03
-1.036123991012573242e+00
-1.332932949066162109e+00
2.616821765899658203e+00
1.582526922225952148e+00
2.250828981399536133e+00
1.379774451255798340e+00
1.420159459114074707e+00
-1.004830360412597656e+00
1.161786913871765137e+00
1.926963686943054199e+00
1.510608345270156860e-01
1.104645967483520508e+00
-8.749295473098754883e-01
-1.104623898863792419e-01
1.022220849990844727e+00
-1.431713461875915527e+00
-2.982462011277675629e-02
2.810923159122467041e-01
1.404218435287475586e+00
-1.927832961082458496e-01
1.539018750190734863e+00
-3.984775841236114502e-01
-1.677204132080078125e+00
1.476856112480163574e+00
-1.595642268657684326e-01
2.419031262397766113e-01
-1.107808709144592285e+00
-1.800916433334350586e+00
-1.318038582801818848e+00
-1.886085569858551025e-01
-1.352855920791625977e+00
-1.727768659591674805e+00
-1.457147359848022461e+00
-4.711579382419586182e-01
-2.679230928421020508e+00
5.609179288148880005e-02
-8.086879849433898926e-01
