6.435446739196777344e-01
-3.372278213500976562e-01
-1.658112108707427979e-01
4.152890145778656006e-01
1.033241152763366699e+00
1.734235048294067383e+00
7.294660806655883789e-01
2.911805391311645508e+00
1.821213364601135254e+00
-1.740637779235839844e+00
-8.117336034774780273e-01
1.540586709976196289e+00
1.930615782737731934e+00
-1.203782439231872559e+00
-1.025380969047546387e+00
-2.396646738052368164e-01
-2.056902885437011719e+00
5.189471244812011719e-01
-1.044352412223815918e+00
-5.382148027420043945e-01
1.382522583007812500e-01
-2.490113079547882080e-01
8.122293651103973389e-02
-4.076445996761322021e-01
-1.432565689086914062e+00
3.165670335292816162e-01
2.749271392822265625e-01
6.374593079090118408e-02
-1.031790971755981445e+00
-1.371007919311523438e+00
-1.747793197631835938e+00
1.252752840518951416e-01
-3.166047036647796631e-01
-1.558895111083984375e+00
-7.730447649955749512e-01
9.832602739334106445e-01
2.071854829788208008e+00
-4.008930683135986328e+00
-3.113517761230468750e-01
5.121921300888061523e-01
1.560832977294921875e+00
6.041574478149414062e-01
1.606964349746704102e+00
6.182769536972045898e-01
5.474628210067749023e-01
-3.812590837478637695e-01
-1.844587683677673340e+00
1.495133638381958008e+00
4.966699481010437012e-01
1.395971775054931641e-01
-1.344857215881347656e+00
-5.736033320426940918e-01
-1.104862809181213379e+00
6.187945604324340820e-03
-1.812171459197998047e+00
1.240619048476219177e-01
9.585789442062377930e-01
3.065935611724853516e+00
1.260342478752136230e+00
1.130146503448486328e+00
-7.432696819305419922e-01
1.008644700050354004e+00
3.251713812351226807e-01
1.494515180587768555e+00
1.181373476982116699e+00
-5.936630815267562866e-02
2.951540350914001465e-01
-5.797211527824401855e-01
1.037224888801574707e+00
-2.081137299537658691e-01
1.019502758979797363e+00
-1.563955694437026978e-01
-7.728778123855590820e-01
1.447666168212890625e+00
-5.097264051437377930e-01
3.741232156753540039e-01
9.954754114151000977e-01
-9.219454526901245117e-01
4.293243288993835449e-01
-2.492426633834838867e-01
-7.607460021972656250e-03
1.735065877437591553e-01
-1.269650101661682129e+00
1.280783414840698242e-01
-3.901913166046142578e-01
-4.328113496303558350e-01
-3.683152496814727783e-01
1.040581941604614258e+00
6.965004801750183105e-01
2.400752007961273193e-01
2.143205642700195312e+00
-2.129255771636962891e+00
-6.742050051689147949e-01
-2.606328725814819336e+00
1.229757547378540039e+00
5.047003626823425293e-01
1.190032660961151123e-01
6.894449591636657715e-01
-1.665672779083251953e+00
-1.674816310405731201e-01
-3.375979959964752197e-01
-1.761615574359893799e-01
-5.705502629280090332e-01
-2.501279354095458984e+00
1.206822037696838379e+00
7.137818932533264160e-01
-1.015546679496765137e+00
-1.524436712265014648e+00
4.680075347423553467e-01
-2.694787383079528809e-01
-1.125206351280212402e+00
1.217443943023681641e+00
1.343416273593902588e-01
1.644056320190429688e+00
8.202176690101623535e-01
-2.164221048355102539e+00
5.576331615447998047e-01
-5.542825460433959961e-01
1.268264353275299072e-01
-1.992817074060440063e-01
5.892370939254760742e-01
-9.570776224136352539e-01
1.564798474311828613e+00
-1.380146741867065430e-01
-9.441822767257690430e-01
-1.040001273155212402e+00
-1.896807789802551270e+00
8.866792917251586914e-02
