7.086943465652141283e-01
9.792457153095831535e-01
1.871024375209505708e-01
8.228035425005321146e-01
8.995459759774450115e-01
9.120396901902962927e-01
1.039410898271550643e+00
8.650627014293132966e-01
8.585230362623967881e-01
1.003625825226157842e+00
8.276332804820606404e-01
9.431225456522359663e-01
8.549051470216731952e-01
8.551586548326129966e-01
1.016825581423564273e+00
8.795884414843023746e-01
9.026987654318657794e-01
6.854468029665711226e-01
9.532358016359452346e-01
8.684038523021948563e-01
9.131947854710804613e-01
1.082277654759171481e+00
6.375559158812780236e-01
9.409706112698807967e-01
1.087482216497485332e+00
1.018289281646305167e+00
9.813348005444845201e-01
9.078861542677115759e-01
1.170579351526901402e+00
9.558533716263531987e-01
9.730262573426947670e-01
5.644901977966397810e-01
3.800365485842600033e-01
9.751343407144410502e-01
1.022907319442494689e+00
1.109206705887600064e+00
9.286550411986842501e-01
8.461906181322004228e-01
1.016857008976505661e+00
8.213046782166261162e-01
8.939104273476401463e-01
9.237383016172768802e-01
7.394869031461455133e-01
7.992067782366176765e-01
8.478017730161634402e-01
8.449551706592434153e-01
9.638858495987410180e-01
6.594403301586921895e-01
8.116107888147419125e-01
8.667846862786017237e-01
8.857262845500007975e-01
9.410102425965436446e-01
1.148429320736988668e+00
7.225830292953080436e-01
1.104955301449727312e+00
8.790554557740163366e-01
8.087264269143795703e-01
9.492436270771161810e-01
7.746970890894254724e-01
1.056701730352108459e+00
1.006929811837962818e+00
8.604747697660336536e-01
8.499147642699617089e-01
1.022927638864016053e+00
9.400002150813503432e-01
1.019635581970009142e+00
1.005023409342363561e+00
9.078636746620194486e-01
1.013307873481449350e+00
9.829709585440475905e-01
1.055486076532711648e+00
8.720660476483304002e-01
1.214897544380620698e+00
4.562418290692281664e-01
9.719326434256232439e-01
8.486667826037087581e-01
1.004965236508953197e+00
1.022825288502678509e+00
1.034505533825805346e+00
6.842224566984871359e-01
8.311675306084391757e-01
8.779092928176771560e-01
9.570895489785230525e-01
1.108198783533135279e+00
7.848224171964429674e-01
9.172387352270704453e-01
1.048996233717200299e+00
8.546670834126386396e-01
9.137569732311471293e-01
1.054185845615811745e+00
9.011402164060189346e-01
9.416505995780402039e-01
8.589505369429243364e-01
1.047334354142640089e+00
1.092379930489109086e+00
9.177874626512103617e-01
8.910940823871394967e-01
1.184648522402284465e+00
8.413784816774199093e-01
9.761610701978293836e-01
8.213650146169796384e-01
7.481617864184157973e-01
1.027461440354908939e+00
8.938017938878720647e-01
7.839938193018524126e-01
1.078629897362006762e+00
8.744734425721859550e-01
9.252296217821056601e-01
9.025287870172822302e-01
9.916193769699015448e-01
9.645618902571518882e-01
8.145711068651179110e-01
1.025593085963252715e+00
8.340108687564620205e-01
9.136955882367434612e-01
1.030895102210071190e+00
1.026140484780968087e+00
8.398719225210412587e-01
9.709569932033292883e-01
6.359686623234422909e-01
7.954509322866848420e-01
1.143792367693799994e+00
9.335736749222686148e-01
9.177039782378694222e-01
1.258496700503592303e+00
8.566038171658332256e-01
9.930361423377049856e-01
8.390399794498213382e-01
