4.993139940314445524e-01
5.355391081169232903e-01
4.397516977233606461e-01
1.031358762023063091e+00
6.177144770083321523e-01
6.537299873811625028e-01
5.357029094961769378e-01
6.918876671066210848e-01
6.293853776774425146e-01
5.253472490993269517e-01
5.997743954575682768e-01
9.120337665540235728e-01
6.906535997493905565e-01
6.899448379165371570e-01
6.989052445369721145e-01
6.734888588771262841e-01
3.937998588694293089e-01
4.172632073916680562e-01
7.367893261245032077e-01
5.374172561750379939e-01
6.417867672527145517e-01
3.956398463449781744e-01
5.096965819136023423e-01
5.765849397598614701e-01
4.963309614316578910e-01
7.195011200559637832e-01
7.043407718603907908e-01
5.138272716560564612e-01
8.264051349864207641e-01
4.333084467322754207e-01
5.263752815012097130e-01
5.475456714102195921e-01
5.998018150408547244e-01
6.819519766326512800e-01
7.438465143199669560e-01
6.292687857842841348e-01
5.985805667517133388e-01
6.289186571221376809e-01
6.536217407442708183e-01
4.755069784705754921e-01
6.171076715260269685e-01
4.744847580047885649e-01
4.848798742026547703e-01
6.142394864116871300e-01
4.447084325488283585e-01
7.106163647074590362e-01
5.704449897336988373e-01
6.020021271886167868e-01
6.905573231843864512e-01
5.043307516372665944e-01
5.590706639779610132e-01
5.889163431278062744e-01
7.220140458177611853e-01
6.208049039384556655e-01
5.804858778372321559e-01
8.570179128161240500e-01
3.941590397310727467e-01
6.735165373236470243e-01
4.758993768324846774e-01
6.459310010145089542e-01
6.725974741262314982e-01
6.821664809286375197e-01
4.378787769878513259e-01
4.984070220729027167e-01
6.935479479861990093e-01
4.841485804915542368e-01
6.868649468170947570e-01
4.850487747174712094e-01
6.316883578841940849e-01
4.343744234521446645e-01
6.068515766492034169e-01
7.238994448838366180e-01
8.629201312420669012e-01
3.593241700904438729e-01
7.884735868773576906e-01
6.136480055808969380e-01
6.678302569633758345e-01
6.157935999103096858e-01
6.618430725277738569e-01
7.864947747041106663e-01
6.048811969529899191e-01
7.323886391502761883e-01
5.681540954864749970e-01
7.186538044399354286e-01
5.726142740248201246e-01
6.430329555567109168e-01
7.465040680295279563e-01
4.139225294468682481e-01
6.576976021296466746e-01
6.407405019492976583e-01
7.266642636450497683e-01
5.741008056610450438e-01
5.803644076183894773e-01
4.531516900411227677e-01
7.834714824647274201e-01
7.121756753947129370e-01
6.488360864518564197e-01
5.533821362206470251e-01
4.667122650565131980e-01
7.371709226960779793e-01
5.762133352120082375e-01
6.152654689215559802e-01
6.462345568203319290e-01
5.468348986234188303e-01
5.642298064823331183e-01
6.398983054935348802e-01
4.856655569652795768e-01
4.964881018830455406e-01
5.133881853386760286e-01
7.856511331496501827e-01
6.468420189259975750e-01
4.342227914371925568e-01
4.784782662143016174e-01
4.394553527900639245e-01
7.763509040086568058e-01
7.095798061812951252e-01
6.790269160363908707e-01
5.519720392259696018e-01
5.421709477562319801e-01
4.593425106047351880e-01
4.455642494198885362e-01
8.061404454544592868e-01
5.749558949482104220e-01
6.241849216219848007e-01
7.657376677881749805e-01
6.968662356767929555e-01
6.134087655636260017e-01
4.038364010926851488e-01
