6.547869047166425815e-01
7.630398147658682406e-01
1.245024831218848771e+00
1.569144009401526985e+00
1.088544153488811617e+00
9.631456122227483041e-01
1.139097998029013015e+00
1.037713821266656566e+00
1.143074342220485873e+00
8.628979950439227276e-01
7.236915156688180639e-01
1.577191371050698177e+00
9.428203308958339468e-01
1.274509221115244006e+00
1.227368575353615210e+00
9.446735147287684820e-01
7.755117622645596454e-01
6.345948777488445991e-01
1.217543873257399767e+00
8.215525154762930438e-01
1.173244248173952897e+00
4.657398744722128225e-01
9.896700883637699064e-01
9.652687845043889103e-01
7.621688641844551748e-01
1.154387372079146434e+00
1.186319212418402325e+00
6.729134112019254932e-01
1.330967047081373478e+00
6.564750344531152804e-01
7.433146952428363319e-01
8.871954727435141796e-01
1.318014716985754342e+00
1.212799739666534649e+00
1.250767373126613347e+00
8.564762415319556732e-01
1.152677396450346725e+00
1.069230750897091076e+00
9.868441400302437883e-01
9.228372947311500596e-01
1.026305748490735414e+00
7.251087061441336967e-01
7.676445818748423022e-01
1.135043435883435370e+00
7.078541744339661435e-01
1.225619934361867225e+00
8.765445661424504653e-01
6.687227956751158331e-01
1.475040034896106134e+00
8.159467456246024541e-01
7.874188843523250991e-01
9.892746718081154578e-01
1.416940745492362153e+00
1.387411925170219495e+00
1.036226218928432585e+00
9.191640873981101745e-01
4.927068458614080604e-01
9.384951210371714758e-01
5.816976332680824369e-01
8.744327499753897781e-01
1.178927845770646687e+00
9.838421158000757449e-01
5.607535658794757794e-01
8.333600159714827926e-01
1.153064369353562713e+00
8.061667700122298053e-01
1.074651378295264248e+00
6.729945362384687213e-01
1.020240327596350305e+00
7.055164406963864154e-01
1.270582951691590745e+00
1.192420500280280349e+00
1.205335563564161161e+00
1.269684123974883949e+00
1.194978183727857690e+00
1.103840367037294934e+00
1.049542088377180438e+00
6.182708350836170208e-01
8.220015522172442468e-01
7.599195108121047371e-01
7.546094617144862848e-01
7.450440515244515227e-01
7.976895218897822604e-01
1.114116038347488180e+00
9.206130966371361968e-01
1.116096762053223168e+00
8.045979625251044043e-01
5.837359619466532257e-01
1.130185213632436181e+00
1.060898296028902621e+00
1.216135294262862265e+00
9.690125224642512913e-01
1.130779138388702254e+00
8.375352793779515803e-01
1.016854909537675100e+00
1.041347825217414647e+00
9.075907075161381288e-01
7.177780193265284048e-01
9.319636826706294563e-01
1.164461715001163356e+00
8.927708567902289394e-01
1.129428471390730992e+00
1.181481136624655370e+00
1.098397861459323055e+00
9.243185056564318103e-01
1.049702581168900251e+00
8.972480612243869391e-01
5.452012495540978776e-01
7.178757293218747115e-01
8.677013094065409993e-01
1.120537072099801579e+00
5.995425083370168329e-01
8.330494085607839105e-01
5.685893834653512613e-01
7.912103938123969948e-01
8.574573715087762116e-01
9.083807710368002608e-01
9.292860815805246144e-01
7.284232196952087346e-01
8.894651803273262436e-01
6.313060112015667080e-01
9.270206944176295760e-01
7.350683895770141474e-01
9.866251054755692529e-01
1.070110391727435939e+00
9.598921353691229896e-01
8.070002448717715771e-01
4.814690733296924097e-01
