5.300652432970139882e-01
6.746601205726612260e-01
3.837237538795904013e-01
8.967825749446062256e-01
6.362449642529804938e-01
6.286402954398903065e-01
6.369612487871496587e-01
6.592649623026229921e-01
6.954139547245314912e-01
6.794627398966324172e-01
6.023697983871285633e-01
6.891494345176597536e-01
5.912367063104545517e-01
6.619018325480703346e-01
6.687743858819622522e-01
6.375306157374859284e-01
6.136673993101270375e-01
5.901374545817009709e-01
6.149291220326769114e-01
6.231792839342989998e-01
6.211521330859106627e-01
7.210082128374467603e-01
6.154741179465426093e-01
6.738271339660867332e-01
7.556291229344419547e-01
6.880997140240397991e-01
6.962845460933776431e-01
6.477077570818073893e-01
7.581238820368992881e-01
6.235471612256728857e-01
7.149349439759613567e-01
4.539106980591797735e-01
4.855827957376465109e-01
6.277496151635936217e-01
7.230070013322048572e-01
7.080515383857638456e-01
6.835273517706752511e-01
6.158649017302557649e-01
6.700086502244458897e-01
6.295850476196834800e-01
6.680005048966483061e-01
6.675632659392700674e-01
8.236605034942011683e-01
6.137583319329932285e-01
7.272272417767238206e-01
6.315282017157604066e-01
7.296027775187913234e-01
4.964206543676200067e-01
6.906447242866232683e-01
6.472785271133647544e-01
6.064095724907535567e-01
6.520697008344786827e-01
7.147148170469005413e-01
6.461031091939086757e-01
7.040473766255569421e-01
6.709070473929674705e-01
6.530325061548575283e-01
6.344753976895916026e-01
6.211926487314712864e-01
7.070948117853147474e-01
6.933294436632081448e-01
6.112374121067271071e-01
6.338780060977727837e-01
6.667479557764406373e-01
6.711794058048106137e-01
5.938296989375375645e-01
6.277758330956044741e-01
6.423094721431222842e-01
6.582952818877385592e-01
6.279877614930263752e-01
6.578739959560844230e-01
6.202132977844145856e-01
7.550437582006126469e-01
5.510817609703351216e-01
7.007887707829559831e-01
6.399948125629386642e-01
6.480147017826491940e-01
6.457159868652116996e-01
7.616389588735525962e-01
6.063903537072125038e-01
6.486959836993572148e-01
7.360291432697436687e-01
7.153506935785014509e-01
8.240156103592313208e-01
5.796763295765982038e-01
7.251944599303937755e-01
7.297385865975810626e-01
6.228623753729255474e-01
6.561204233651853901e-01
6.809078081100411461e-01
6.505531153777036613e-01
6.426540117961940801e-01
6.409388744472335198e-01
6.633515793121026460e-01
7.079292979379525619e-01
6.215228694985478475e-01
6.338702336264810944e-01
7.546572586159209228e-01
6.463453541605252983e-01
6.609022135240452123e-01
5.957902699944097602e-01
6.491347586044980966e-01
7.163902577733536337e-01
6.821724222980208863e-01
5.332721097913789565e-01
7.166158412986163295e-01
5.910826844333664232e-01
6.525211911115198493e-01
6.177691346241384052e-01
6.985730664178727567e-01
6.736895685139780987e-01
5.925422650789807788e-01
7.047793414611617235e-01
5.825325400076641902e-01
5.934511735727729942e-01
7.246559636279927830e-01
6.994820272369149938e-01
6.302226448636996103e-01
6.620248298984275914e-01
4.646103742378408508e-01
6.326113849727977856e-01
7.500008270156032220e-01
6.532277991240743598e-01
6.099029828272124476e-01
1.011192942924359794e+00
6.916203601123598332e-01
7.097424517320439774e-01
6.438169073193372727e-01
