6.768143034503686373e-01
6.047593693263157988e-01
5.969204467015213345e-01
6.020700483682829285e-01
6.057515146826046859e-01
6.088670542322148771e-01
6.082541911763778009e-01
6.082809442880816597e-01
6.110000276299571986e-01
6.143025279949634321e-01
6.185743648273137607e-01
6.129401786050517886e-01
6.126421716253297456e-01
6.027930556387230965e-01
6.092429730823497591e-01
6.147238430422081734e-01
6.174469256917330950e-01
6.126724147956117417e-01
6.167307744418027982e-01
6.129837428115175735e-01
6.178212542992504996e-01
6.245535187780100195e-01
6.246167669240709763e-01
6.304003961390483024e-01
6.307594572867095684e-01
6.283030455297202721e-01
6.211550559474335875e-01
6.207242794762684035e-01
6.118834515678025499e-01
6.109095727435830403e-01
6.178457425658471225e-01
6.231926145617896484e-01
6.315238489794903209e-01
6.400862827070658012e-01
6.262748072332930960e-01
6.335367523009691748e-01
6.375504999275571905e-01
6.477993329657437682e-01
6.371854387085043037e-01
6.491633242783130253e-01
6.460785646731491694e-01
6.426743788590884021e-01
6.484212491549671276e-01
6.379346295192069860e-01
6.543577605106930539e-01
6.573327991295654371e-01
6.579791507083517788e-01
6.584881585961360750e-01
6.437800128527324528e-01
6.515237220097497284e-01
6.659373422697856260e-01
6.798048629452352332e-01
6.448601850080851738e-01
6.327629516549327926e-01
5.963556043791767847e-01
0.000000000000000000e+00
0.000000000000000000e+00
0.000000000000000000e+00
0.000000000000000000e+00
0.000000000000000000e+00
0.000000000000000000e+00
0.000000000000000000e+00
0.000000000000000000e+00
0.000000000000000000e+00
0.000000000000000000e+00
0.000000000000000000e+00
0.000000000000000000e+00
0.000000000000000000e+00
0.000000000000000000e+00
0.000000000000000000e+00
0.000000000000000000e+00
0.000000000000000000e+00
0.000000000000000000e+00
0.000000000000000000e+00
0.000000000000000000e+00
0.000000000000000000e+00
0.000000000000000000e+00
0.000000000000000000e+00
0.000000000000000000e+00
0.000000000000000000e+00
0.000000000000000000e+00
0.000000000000000000e+00
0.000000000000000000e+00
0.000000000000000000e+00
0.000000000000000000e+00
0.000000000000000000e+00
0.000000000000000000e+00
0.000000000000000000e+00
0.000000000000000000e+00
0.000000000000000000e+00
0.000000000000000000e+00
0.000000000000000000e+00
0.000000000000000000e+00
0.000000000000000000e+00
0.000000000000000000e+00
0.000000000000000000e+00
0.000000000000000000e+00
0.000000000000000000e+00
0.000000000000000000e+00
0.000000000000000000e+00
0.000000000000000000e+00
0.000000000000000000e+00
0.000000000000000000e+00
0.000000000000000000e+00
0.000000000000000000e+00
0.000000000000000000e+00
0.000000000000000000e+00
0.000000000000000000e+00
0.000000000000000000e+00
0.000000000000000000e+00
0.000000000000000000e+00
0.000000000000000000e+00
0.000000000000000000e+00
0.000000000000000000e+00
0.000000000000000000e+00
0.000000000000000000e+00
0.000000000000000000e+00
0.000000000000000000e+00
0.000000000000000000e+00
0.000000000000000000e+00
0.000000000000000000e+00
0.000000000000000000e+00
0.000000000000000000e+00
0.000000000000000000e+00
0.000000000000000000e+00
0.000000000000000000e+00
0.000000000000000000e+00
0.000000000000000000e+00
