6.643368407372457485e-02
5.726708280501709158e-02
5.311475775453847886e-02
5.229821706743303239e-02
5.352628565077221373e-02
5.238868305857687091e-02
5.368010041544039185e-02
5.327334384913212650e-02
5.206953787244597565e-02
5.110338801625839700e-02
5.174699670401314983e-02
5.016997102534730829e-02
4.943122174434620014e-02
4.937955771208384081e-02
4.952862306540065096e-02
4.973958560356143976e-02
4.852741818064131712e-02
4.696054782259936888e-02
4.846475676860713400e-02
4.925392214560660870e-02
5.090049838067127463e-02
5.373027232060292174e-02
5.371864688655557385e-02
5.446217256221155822e-02
5.222488783433543863e-02
5.142676238555431850e-02
5.080909233844316947e-02
5.179350664491995382e-02
5.049173725786623018e-02
4.965747698003444149e-02
5.138142790800129256e-02
4.999649935319945560e-02
5.194981653648296505e-02
5.178364367886483660e-02
5.210229601143290257e-02
5.059624254376421382e-02
5.445499211278759938e-02
5.507824902324689326e-02
5.241935403059728993e-02
5.073552728516246557e-02
5.200171315420603485e-02
4.858641403623847194e-02
4.419683347307182958e-02
4.642237158357617050e-02
5.115072374852448062e-02
5.028115704027152216e-02
5.021724674473189431e-02
5.312115060151173518e-02
5.243749711860209300e-02
4.643477241663038213e-02
5.026358382473010422e-02
4.248707669044583801e-02
4.675282665779300489e-02
3.895143517488764556e-02
4.558008372557817434e-02
0.000000000000000000e+00
0.000000000000000000e+00
0.000000000000000000e+00
0.000000000000000000e+00
0.000000000000000000e+00
0.000000000000000000e+00
0.000000000000000000e+00
0.000000000000000000e+00
0.000000000000000000e+00
0.000000000000000000e+00
0.000000000000000000e+00
0.000000000000000000e+00
0.000000000000000000e+00
0.000000000000000000e+00
0.000000000000000000e+00
0.000000000000000000e+00
0.000000000000000000e+00
0.000000000000000000e+00
0.000000000000000000e+00
0.000000000000000000e+00
0.000000000000000000e+00
0.000000000000000000e+00
0.000000000000000000e+00
0.000000000000000000e+00
0.000000000000000000e+00
0.000000000000000000e+00
0.000000000000000000e+00
0.000000000000000000e+00
0.000000000000000000e+00
0.000000000000000000e+00
0.000000000000000000e+00
0.000000000000000000e+00
0.000000000000000000e+00
0.000000000000000000e+00
0.000000000000000000e+00
0.000000000000000000e+00
0.000000000000000000e+00
0.000000000000000000e+00
0.000000000000000000e+00
0.000000000000000000e+00
0.000000000000000000e+00
0.000000000000000000e+00
0.000000000000000000e+00
0.000000000000000000e+00
0.000000000000000000e+00
0.000000000000000000e+00
0.000000000000000000e+00
0.000000000000000000e+00
0.000000000000000000e+00
0.000000000000000000e+00
0.000000000000000000e+00
0.000000000000000000e+00
0.000000000000000000e+00
0.000000000000000000e+00
0.000000000000000000e+00
0.000000000000000000e+00
0.000000000000000000e+00
0.000000000000000000e+00
0.000000000000000000e+00
0.000000000000000000e+00
0.000000000000000000e+00
0.000000000000000000e+00
0.000000000000000000e+00
0.000000000000000000e+00
0.000000000000000000e+00
0.000000000000000000e+00
0.000000000000000000e+00
0.000000000000000000e+00
0.000000000000000000e+00
0.000000000000000000e+00
0.000000000000000000e+00
0.000000000000000000e+00
0.000000000000000000e+00
