8.231448692767541209e-01
7.879474100441296036e-01
7.957043220093535929e-01
8.006776980731439286e-01
7.966266477220578235e-01
7.996541160854540031e-01
8.024983698917003139e-01
8.018151058216435034e-01
8.057322041207848340e-01
8.055059683485303879e-01
8.083760088681060108e-01
8.093805625549939098e-01
8.064607641607911548e-01
8.078604420363852956e-01
8.149014719173891530e-01
8.145516154320401325e-01
8.129534892623934139e-01
8.121743829820572413e-01
8.138800571967483855e-01
8.118055863999279476e-01
8.177009007110809247e-01
8.204328688800182068e-01
8.244416712362966360e-01
8.233504033552628831e-01
8.286447504387979279e-01
8.241968925386957689e-01
8.206330774299045450e-01
8.241311190821873911e-01
8.243876397763475472e-01
8.234016824216419117e-01
8.255778338295945984e-01
8.315774121015678810e-01
8.321443300667046294e-01
8.217363369727909150e-01
8.237693907133576410e-01
8.256429006802499249e-01
8.323968484232163734e-01
8.321616021621163206e-01
8.230775670096810437e-01
8.366868631367198050e-01
8.322265952677389000e-01
8.263844256021299906e-01
8.312756924558393212e-01
8.220803215940230002e-01
8.306515093285206097e-01
8.376446379190745084e-01
8.233653896080086465e-01
8.295267599490868671e-01
8.355790653873687024e-01
8.484340374174338395e-01
8.547568516633017310e-01
8.526800393494002872e-01
8.336756442103328002e-01
8.300466573821051464e-01
8.398972006981754168e-01
0.000000000000000000e+00
0.000000000000000000e+00
0.000000000000000000e+00
0.000000000000000000e+00
0.000000000000000000e+00
0.000000000000000000e+00
0.000000000000000000e+00
0.000000000000000000e+00
0.000000000000000000e+00
0.000000000000000000e+00
0.000000000000000000e+00
0.000000000000000000e+00
0.000000000000000000e+00
0.000000000000000000e+00
0.000000000000000000e+00
0.000000000000000000e+00
0.000000000000000000e+00
0.000000000000000000e+00
0.000000000000000000e+00
0.000000000000000000e+00
0.000000000000000000e+00
0.000000000000000000e+00
0.000000000000000000e+00
0.000000000000000000e+00
0.000000000000000000e+00
0.000000000000000000e+00
0.000000000000000000e+00
0.000000000000000000e+00
0.000000000000000000e+00
0.000000000000000000e+00
0.000000000000000000e+00
0.000000000000000000e+00
0.000000000000000000e+00
0.000000000000000000e+00
0.000000000000000000e+00
0.000000000000000000e+00
0.000000000000000000e+00
0.000000000000000000e+00
0.000000000000000000e+00
0.000000000000000000e+00
0.000000000000000000e+00
0.000000000000000000e+00
0.000000000000000000e+00
0.000000000000000000e+00
0.000000000000000000e+00
0.000000000000000000e+00
0.000000000000000000e+00
0.000000000000000000e+00
0.000000000000000000e+00
0.000000000000000000e+00
0.000000000000000000e+00
0.000000000000000000e+00
0.000000000000000000e+00
0.000000000000000000e+00
0.000000000000000000e+00
0.000000000000000000e+00
0.000000000000000000e+00
0.000000000000000000e+00
0.000000000000000000e+00
0.000000000000000000e+00
0.000000000000000000e+00
0.000000000000000000e+00
0.000000000000000000e+00
0.000000000000000000e+00
0.000000000000000000e+00
0.000000000000000000e+00
0.000000000000000000e+00
0.000000000000000000e+00
0.000000000000000000e+00
0.000000000000000000e+00
0.000000000000000000e+00
0.000000000000000000e+00
0.000000000000000000e+00
