4.805132088001138474e-02
1.414570849815812402e-02
1.063018531262187490e-02
1.052115023887333252e-02
9.562450656284606637e-03
8.211290006522022067e-03
8.817802427594730041e-03
8.911460228175458950e-03
8.643900036281928351e-03
8.801771072490843090e-03
9.472255479788386709e-03
8.094416161109199009e-03
7.702616469075298372e-03
5.460621184625021572e-03
7.021849655223668871e-03
8.373834856462029907e-03
1.022061645790374278e-02
9.275949271937511051e-03
9.277226722567749953e-03
7.049453824465940627e-03
8.682555140343358249e-03
8.749023145982083929e-03
1.011831914412594964e-02
8.998870193320929536e-03
8.763836187560446883e-03
8.285729633183436596e-03
6.967352371629857537e-03
5.880684124003970024e-03
3.070177483829651579e-03
3.659721633957192626e-03
2.116781300932909973e-03
3.947440640665374895e-03
6.907863405446868985e-03
8.494120171251872894e-03
7.040287653275267322e-03
7.197686201577453528e-03
8.232688329485078269e-03
9.965030717765730253e-03
7.319633320675501646e-03
8.305565504318596429e-03
5.340445492415766236e-03
7.833328006503499641e-03
1.047457663617370333e-02
9.674864833983127382e-03
1.009354543446986524e-02
1.588798826691954422e-02
1.853793779844840200e-02
1.824585248035185195e-02
1.225399434038447304e-02
1.135413640368927203e-02
1.347473372020706675e-02
1.370700800084709119e-02
7.918856114104847257e-03
1.724093424955240247e-02
3.465881465690244523e-02
0.000000000000000000e+00
0.000000000000000000e+00
0.000000000000000000e+00
0.000000000000000000e+00
0.000000000000000000e+00
0.000000000000000000e+00
0.000000000000000000e+00
0.000000000000000000e+00
0.000000000000000000e+00
0.000000000000000000e+00
0.000000000000000000e+00
0.000000000000000000e+00
0.000000000000000000e+00
0.000000000000000000e+00
0.000000000000000000e+00
0.000000000000000000e+00
0.000000000000000000e+00
0.000000000000000000e+00
0.000000000000000000e+00
0.000000000000000000e+00
0.000000000000000000e+00
0.000000000000000000e+00
0.000000000000000000e+00
0.000000000000000000e+00
0.000000000000000000e+00
0.000000000000000000e+00
0.000000000000000000e+00
0.000000000000000000e+00
0.000000000000000000e+00
0.000000000000000000e+00
0.000000000000000000e+00
0.000000000000000000e+00
0.000000000000000000e+00
0.000000000000000000e+00
0.000000000000000000e+00
0.000000000000000000e+00
0.000000000000000000e+00
0.000000000000000000e+00
0.000000000000000000e+00
0.000000000000000000e+00
0.000000000000000000e+00
0.000000000000000000e+00
0.000000000000000000e+00
0.000000000000000000e+00
0.000000000000000000e+00
0.000000000000000000e+00
0.000000000000000000e+00
0.000000000000000000e+00
0.000000000000000000e+00
0.000000000000000000e+00
0.000000000000000000e+00
0.000000000000000000e+00
0.000000000000000000e+00
0.000000000000000000e+00
0.000000000000000000e+00
0.000000000000000000e+00
0.000000000000000000e+00
0.000000000000000000e+00
0.000000000000000000e+00
0.000000000000000000e+00
0.000000000000000000e+00
0.000000000000000000e+00
0.000000000000000000e+00
0.000000000000000000e+00
0.000000000000000000e+00
0.000000000000000000e+00
0.000000000000000000e+00
0.000000000000000000e+00
0.000000000000000000e+00
0.000000000000000000e+00
0.000000000000000000e+00
0.000000000000000000e+00
0.000000000000000000e+00
