4.173031441065497282e-01
7.035990498655911862e-01
7.242617906946360318e-01
7.123608673575222427e-01
7.130429670568122491e-01
7.130846260413449267e-01
7.119648950879123861e-01
7.000894045872959603e-01
7.039239483267827335e-01
7.035240144969970855e-01
6.977847843081792512e-01
6.975329955665411363e-01
6.946497872016685893e-01
6.960938995874046409e-01
6.998101567771165543e-01
7.031798649352856145e-01
6.991599382856693579e-01
7.015135007793378286e-01
6.979145009976084335e-01
7.000447926841210089e-01
7.016884209639994152e-01
7.033223896470267578e-01
7.021418949648082775e-01
6.929190752466901637e-01
6.985741370620409674e-01
6.927474518431677719e-01
6.953105175905071045e-01
6.858486386657406397e-01
6.892255356717480463e-01
6.931499592127822185e-01
6.991086983207814853e-01
6.976246994089349007e-01
6.811292939942924507e-01
6.786218128579806219e-01
6.855410405032008603e-01
6.862522780985984561e-01
6.884723238277800084e-01
6.746815548606488466e-01
6.811655609960285407e-01
6.758906958894843608e-01
6.865689335478799560e-01
6.936560701790608352e-01
6.741815299447355692e-01
6.802492102277223340e-01
6.811676111341482542e-01
6.788129360485302133e-01
6.813042282433457997e-01
6.790347865395086613e-01
7.147414741653177472e-01
7.098123529596027659e-01
6.923092438896043532e-01
6.710233835730189389e-01
6.721320332524439722e-01
6.592377138574454509e-01
6.755316981796054554e-01
0.000000000000000000e+00
0.000000000000000000e+00
0.000000000000000000e+00
0.000000000000000000e+00
0.000000000000000000e+00
0.000000000000000000e+00
0.000000000000000000e+00
0.000000000000000000e+00
0.000000000000000000e+00
0.000000000000000000e+00
0.000000000000000000e+00
0.000000000000000000e+00
0.000000000000000000e+00
0.000000000000000000e+00
0.000000000000000000e+00
0.000000000000000000e+00
0.000000000000000000e+00
0.000000000000000000e+00
0.000000000000000000e+00
0.000000000000000000e+00
0.000000000000000000e+00
0.000000000000000000e+00
0.000000000000000000e+00
0.000000000000000000e+00
0.000000000000000000e+00
0.000000000000000000e+00
0.000000000000000000e+00
0.000000000000000000e+00
0.000000000000000000e+00
0.000000000000000000e+00
0.000000000000000000e+00
0.000000000000000000e+00
0.000000000000000000e+00
0.000000000000000000e+00
0.000000000000000000e+00
0.000000000000000000e+00
0.000000000000000000e+00
0.000000000000000000e+00
0.000000000000000000e+00
0.000000000000000000e+00
0.000000000000000000e+00
0.000000000000000000e+00
0.000000000000000000e+00
0.000000000000000000e+00
0.000000000000000000e+00
0.000000000000000000e+00
0.000000000000000000e+00
0.000000000000000000e+00
0.000000000000000000e+00
0.000000000000000000e+00
0.000000000000000000e+00
0.000000000000000000e+00
0.000000000000000000e+00
0.000000000000000000e+00
0.000000000000000000e+00
0.000000000000000000e+00
0.000000000000000000e+00
0.000000000000000000e+00
0.000000000000000000e+00
0.000000000000000000e+00
0.000000000000000000e+00
0.000000000000000000e+00
0.000000000000000000e+00
0.000000000000000000e+00
0.000000000000000000e+00
0.000000000000000000e+00
0.000000000000000000e+00
0.000000000000000000e+00
0.000000000000000000e+00
0.000000000000000000e+00
0.000000000000000000e+00
0.000000000000000000e+00
0.000000000000000000e+00
