7.525416296994312804e-01
6.133561638018055762e-01
6.250052593368334852e-01
6.274071517880163151e-01
6.338764794592194329e-01
6.369858129677727909e-01
6.474267585623756371e-01
6.567805748141571920e-01
6.621474924659901395e-01
6.686075627185145143e-01
6.706416291123137308e-01
6.784968225456422530e-01
6.694319029753749151e-01
6.744590233156785297e-01
6.805309143007586270e-01
6.835330690535464937e-01
6.763127663583308191e-01
6.702679728728699882e-01
6.686148053881282305e-01
6.769722118123171484e-01
6.840656311209404317e-01
6.863982847725186298e-01
6.934287954000927234e-01
6.872275779724992262e-01
6.923843614336840924e-01
6.943804474353437728e-01
6.981368337467483975e-01
6.981371279798938012e-01
7.028534309876030006e-01
6.978255499556726971e-01
6.881135579953139292e-01
7.055406870432785471e-01
6.984184531849989552e-01
6.972442981544718643e-01
6.883638993810040629e-01
6.924455248031998744e-01
7.034220491783087503e-01
6.992994826782545914e-01
7.110520707790350947e-01
7.070838037396404152e-01
7.098553516673942188e-01
7.070182346483413482e-01
7.006347600192676106e-01
7.233346514371478131e-01
6.929582853402522780e-01
6.896705587827282047e-01
7.056461598528389612e-01
7.060515204426827118e-01
7.085575724928614427e-01
7.132777037519405505e-01
7.350507345917536295e-01
7.137517323562109217e-01
7.430567659875485509e-01
7.341692790402426505e-01
7.404976963958967984e-01
0.000000000000000000e+00
0.000000000000000000e+00
0.000000000000000000e+00
0.000000000000000000e+00
0.000000000000000000e+00
0.000000000000000000e+00
0.000000000000000000e+00
0.000000000000000000e+00
0.000000000000000000e+00
0.000000000000000000e+00
0.000000000000000000e+00
0.000000000000000000e+00
0.000000000000000000e+00
0.000000000000000000e+00
0.000000000000000000e+00
0.000000000000000000e+00
0.000000000000000000e+00
0.000000000000000000e+00
0.000000000000000000e+00
0.000000000000000000e+00
0.000000000000000000e+00
0.000000000000000000e+00
0.000000000000000000e+00
0.000000000000000000e+00
0.000000000000000000e+00
0.000000000000000000e+00
0.000000000000000000e+00
0.000000000000000000e+00
0.000000000000000000e+00
0.000000000000000000e+00
0.000000000000000000e+00
0.000000000000000000e+00
0.000000000000000000e+00
0.000000000000000000e+00
0.000000000000000000e+00
0.000000000000000000e+00
0.000000000000000000e+00
0.000000000000000000e+00
0.000000000000000000e+00
0.000000000000000000e+00
0.000000000000000000e+00
0.000000000000000000e+00
0.000000000000000000e+00
0.000000000000000000e+00
0.000000000000000000e+00
0.000000000000000000e+00
0.000000000000000000e+00
0.000000000000000000e+00
0.000000000000000000e+00
0.000000000000000000e+00
0.000000000000000000e+00
0.000000000000000000e+00
0.000000000000000000e+00
0.000000000000000000e+00
0.000000000000000000e+00
0.000000000000000000e+00
0.000000000000000000e+00
0.000000000000000000e+00
0.000000000000000000e+00
0.000000000000000000e+00
0.000000000000000000e+00
0.000000000000000000e+00
0.000000000000000000e+00
0.000000000000000000e+00
0.000000000000000000e+00
0.000000000000000000e+00
0.000000000000000000e+00
0.000000000000000000e+00
0.000000000000000000e+00
0.000000000000000000e+00
0.000000000000000000e+00
0.000000000000000000e+00
0.000000000000000000e+00
