-9.545515500312370949e-02
3.454095632748640371e-02
3.934738417039155417e-02
4.080231952309085197e-02
4.426037814275509547e-02
4.919343003078307380e-02
4.936162834670131117e-02
4.789627910772271263e-02
4.912640642202757008e-02
4.871725023726021508e-02
4.772193716507562578e-02
5.095357371032403770e-02
5.094908047452465644e-02
4.932757236761476510e-02
4.841832550184527184e-02
4.736535241630689813e-02
4.528010259751025918e-02
4.524247428307599100e-02
4.655507284882908631e-02
5.161359778653088620e-02
4.910390224527016317e-02
4.887758402215405112e-02
4.836498720997042811e-02
4.904350594957659210e-02
4.993347044061886147e-02
5.175179143103408180e-02
5.057227677760999657e-02
5.576320429477431284e-02
5.524336138035566834e-02
4.986745703029544369e-02
4.778921763691200419e-02
4.785216518556634907e-02
4.279461095041747071e-02
4.280733613725459102e-02
4.644169210061276087e-02
4.783492115903640457e-02
4.759649221839164918e-02
4.525214026760191605e-02
4.367184094655292281e-02
3.903476416036559538e-02
4.374965620935172828e-02
4.355128570443963371e-02
4.499861964388959107e-02
4.318602504025156885e-02
4.549295840665106699e-02
3.907804748301222514e-02
3.768313776757847844e-02
4.109697039959445131e-02
4.410155690062986245e-02
5.015992925822564813e-02
4.335431404505210584e-02
4.649248421329977426e-02
4.427757913964731201e-02
3.723061449290473307e-02
3.915699570455213885e-02
0.000000000000000000e+00
0.000000000000000000e+00
0.000000000000000000e+00
0.000000000000000000e+00
0.000000000000000000e+00
0.000000000000000000e+00
0.000000000000000000e+00
0.000000000000000000e+00
0.000000000000000000e+00
0.000000000000000000e+00
0.000000000000000000e+00
0.000000000000000000e+00
0.000000000000000000e+00
0.000000000000000000e+00
0.000000000000000000e+00
0.000000000000000000e+00
0.000000000000000000e+00
0.000000000000000000e+00
0.000000000000000000e+00
0.000000000000000000e+00
0.000000000000000000e+00
0.000000000000000000e+00
0.000000000000000000e+00
0.000000000000000000e+00
0.000000000000000000e+00
0.000000000000000000e+00
0.000000000000000000e+00
0.000000000000000000e+00
0.000000000000000000e+00
0.000000000000000000e+00
0.000000000000000000e+00
0.000000000000000000e+00
0.000000000000000000e+00
0.000000000000000000e+00
0.000000000000000000e+00
0.000000000000000000e+00
0.000000000000000000e+00
0.000000000000000000e+00
0.000000000000000000e+00
0.000000000000000000e+00
0.000000000000000000e+00
0.000000000000000000e+00
0.000000000000000000e+00
0.000000000000000000e+00
0.000000000000000000e+00
0.000000000000000000e+00
0.000000000000000000e+00
0.000000000000000000e+00
0.000000000000000000e+00
0.000000000000000000e+00
0.000000000000000000e+00
0.000000000000000000e+00
0.000000000000000000e+00
0.000000000000000000e+00
0.000000000000000000e+00
0.000000000000000000e+00
0.000000000000000000e+00
0.000000000000000000e+00
0.000000000000000000e+00
0.000000000000000000e+00
0.000000000000000000e+00
0.000000000000000000e+00
0.000000000000000000e+00
0.000000000000000000e+00
0.000000000000000000e+00
0.000000000000000000e+00
0.000000000000000000e+00
0.000000000000000000e+00
0.000000000000000000e+00
0.000000000000000000e+00
0.000000000000000000e+00
0.000000000000000000e+00
0.000000000000000000e+00
