-3.383043718390006671e-02
-4.689137962940720383e-02
-4.320052595554012276e-02
-4.194874779567568657e-02
-3.849735519619161550e-02
-3.583471461120009416e-02
-3.667368907031259839e-02
-3.533623525774397256e-02
-3.301200423340557022e-02
-3.385619710111419794e-02
-3.394064454840516054e-02
-3.581378199857994382e-02
-4.000194143442734745e-02
-4.299498279162248388e-02
-4.268948476586845175e-02
-4.226998666797462945e-02
-4.070220974032449923e-02
-4.325763245307373550e-02
-4.092437732855912225e-02
-4.212763253433832872e-02
-4.009062748350323419e-02
-3.727317276208638730e-02
-3.060330455549805859e-02
-3.414119317142706722e-02
-3.468710930219405519e-02
-3.230784895793018668e-02
-2.926373170268329466e-02
-3.129290920106131413e-02
-3.783788751954787061e-02
-3.745859889199835285e-02
-3.794657708744147290e-02
-3.860214159994899280e-02
-3.618564665534421826e-02
-3.915436506744791878e-02
-3.589729355938622857e-02
-3.173190362932752639e-02
-3.465287865385519028e-02
-3.134842143456229718e-02
-3.688162170412796759e-02
-3.338290588992244567e-02
-3.824066215372409760e-02
-3.752546820553886303e-02
-3.822922983261263508e-02
-4.120192364305363952e-02
-4.212576421150623224e-02
-3.980082913446339465e-02
-4.072656157365617258e-02
-4.014560194899333134e-02
-3.668524536507100642e-02
-3.410902813445956111e-02
-3.544326093720223669e-02
-3.623691301178096069e-02
-4.948336124492753313e-02
-4.596822964485355184e-02
-4.892269418703670131e-02
0.000000000000000000e+00
0.000000000000000000e+00
0.000000000000000000e+00
0.000000000000000000e+00
0.000000000000000000e+00
0.000000000000000000e+00
0.000000000000000000e+00
0.000000000000000000e+00
0.000000000000000000e+00
0.000000000000000000e+00
0.000000000000000000e+00
0.000000000000000000e+00
0.000000000000000000e+00
0.000000000000000000e+00
0.000000000000000000e+00
0.000000000000000000e+00
0.000000000000000000e+00
0.000000000000000000e+00
0.000000000000000000e+00
0.000000000000000000e+00
0.000000000000000000e+00
0.000000000000000000e+00
0.000000000000000000e+00
0.000000000000000000e+00
0.000000000000000000e+00
0.000000000000000000e+00
0.000000000000000000e+00
0.000000000000000000e+00
0.000000000000000000e+00
0.000000000000000000e+00
0.000000000000000000e+00
0.000000000000000000e+00
0.000000000000000000e+00
0.000000000000000000e+00
0.000000000000000000e+00
0.000000000000000000e+00
0.000000000000000000e+00
0.000000000000000000e+00
0.000000000000000000e+00
0.000000000000000000e+00
0.000000000000000000e+00
0.000000000000000000e+00
0.000000000000000000e+00
0.000000000000000000e+00
0.000000000000000000e+00
0.000000000000000000e+00
0.000000000000000000e+00
0.000000000000000000e+00
0.000000000000000000e+00
0.000000000000000000e+00
0.000000000000000000e+00
0.000000000000000000e+00
0.000000000000000000e+00
0.000000000000000000e+00
0.000000000000000000e+00
0.000000000000000000e+00
0.000000000000000000e+00
0.000000000000000000e+00
0.000000000000000000e+00
0.000000000000000000e+00
0.000000000000000000e+00
0.000000000000000000e+00
0.000000000000000000e+00
0.000000000000000000e+00
0.000000000000000000e+00
0.000000000000000000e+00
0.000000000000000000e+00
0.000000000000000000e+00
0.000000000000000000e+00
0.000000000000000000e+00
0.000000000000000000e+00
0.000000000000000000e+00
0.000000000000000000e+00
